V1	Id(J1)
0.000000000000000e+00	0.000000e+00
1.000000000000000e-01	7.578665e-04
2.000000000000000e-01	1.490751e-03
3.000000000000000e-01	2.198618e-03
4.000000000000000e-01	2.881431e-03
5.000000000000000e-01	3.539155e-03
6.000000000000001e-01	4.171755e-03
7.000000000000001e-01	4.779193e-03
8.000000000000000e-01	5.361435e-03
9.000000000000000e-01	5.918444e-03
1.000000000000000e+00	6.450184e-03
1.100000000000000e+00	6.956618e-03
1.200000000000000e+00	7.437712e-03
1.300000000000000e+00	7.893427e-03
1.400000000000000e+00	8.323729e-03
1.500000000000000e+00	8.728581e-03
1.600000000000000e+00	9.107945e-03
1.700000000000000e+00	9.461786e-03
1.800000000000000e+00	9.790066e-03
1.900000000000000e+00	1.009275e-02
2.000000000000000e+00	1.036980e-02
2.100000000000000e+00	1.062118e-02
2.200000000000000e+00	1.084685e-02
2.300000000000000e+00	1.104677e-02
2.400000000000000e+00	1.122092e-02
2.500000000000000e+00	1.136924e-02
2.600000000000000e+00	1.149171e-02
2.700000000000000e+00	1.158828e-02
2.800000000000000e+00	1.165893e-02
2.900000000000000e+00	1.170360e-02
3.000000000000000e+00	1.172227e-02
3.100000000000000e+00	1.172505e-02
3.200000000000000e+00	1.172765e-02
3.300000000000000e+00	1.173025e-02
3.400000000000000e+00	1.173285e-02
3.500000000000000e+00	1.173545e-02
3.600000000000000e+00	1.173805e-02
3.700000000000000e+00	1.174064e-02
3.800000000000000e+00	1.174324e-02
3.900000000000000e+00	1.174584e-02
4.000000000000000e+00	1.174844e-02
4.100000000000001e+00	1.175104e-02
4.200000000000000e+00	1.175364e-02
4.300000000000000e+00	1.175624e-02
4.400000000000000e+00	1.175884e-02
4.500000000000000e+00	1.176144e-02
4.600000000000001e+00	1.176404e-02
4.700000000000000e+00	1.176664e-02
4.800000000000001e+00	1.176924e-02
4.900000000000000e+00	1.177184e-02
5.000000000000000e+00	1.177444e-02
5.100000000000001e+00	1.177704e-02
5.200000000000000e+00	1.177964e-02
5.300000000000001e+00	1.178223e-02
5.400000000000000e+00	1.178483e-02
5.500000000000000e+00	1.178743e-02
5.600000000000001e+00	1.179003e-02
5.700000000000000e+00	1.179263e-02
5.800000000000001e+00	1.179523e-02
5.900000000000000e+00	1.179783e-02
6.000000000000000e+00	1.180043e-02
6.100000000000001e+00	1.180303e-02
6.200000000000000e+00	1.180563e-02
6.300000000000001e+00	1.180823e-02
6.400000000000000e+00	1.181083e-02
6.500000000000000e+00	1.181342e-02
6.600000000000001e+00	1.181602e-02
6.700000000000000e+00	1.181862e-02
6.800000000000001e+00	1.182122e-02
6.900000000000000e+00	1.182382e-02
7.000000000000000e+00	1.182642e-02
7.100000000000001e+00	1.182902e-02
7.200000000000000e+00	1.183162e-02
7.300000000000001e+00	1.183422e-02
7.400000000000000e+00	1.183682e-02
7.500000000000000e+00	1.183942e-02
7.600000000000001e+00	1.184202e-02
7.700000000000000e+00	1.184461e-02
7.800000000000001e+00	1.184721e-02
7.900000000000000e+00	1.184981e-02
8.000000000000000e+00	1.185241e-02
8.100000000000000e+00	1.185501e-02
8.200000000000001e+00	1.185761e-02
8.300000000000001e+00	1.186021e-02
8.400000000000000e+00	1.186281e-02
8.500000000000000e+00	1.186541e-02
8.600000000000000e+00	1.186800e-02
8.700000000000001e+00	1.187060e-02
8.800000000000001e+00	1.187320e-02
8.900000000000000e+00	1.187580e-02
9.000000000000000e+00	1.187840e-02
9.100000000000000e+00	1.188100e-02
9.200000000000001e+00	1.188360e-02
9.300000000000001e+00	1.188620e-02
9.400000000000000e+00	1.188880e-02
9.500000000000000e+00	1.189140e-02
9.600000000000001e+00	1.189399e-02
9.700000000000001e+00	1.189659e-02
9.800000000000001e+00	1.189919e-02
9.900000000000000e+00	1.190179e-02
1.000000000000000e+01	1.190439e-02
1.010000000000000e+01	1.190699e-02
1.020000000000000e+01	1.190959e-02
1.030000000000000e+01	1.191219e-02
1.040000000000000e+01	1.191479e-02
1.050000000000000e+01	1.191738e-02
1.060000000000000e+01	1.191998e-02
1.070000000000000e+01	1.192258e-02
1.080000000000000e+01	1.192518e-02
1.090000000000000e+01	1.192778e-02
1.100000000000000e+01	1.193038e-02
1.110000000000000e+01	1.193298e-02
1.120000000000000e+01	1.193557e-02
1.130000000000000e+01	1.193817e-02
1.140000000000000e+01	1.194077e-02
1.150000000000000e+01	1.194337e-02
1.160000000000000e+01	1.194597e-02
1.170000000000000e+01	1.194857e-02
1.180000000000000e+01	1.195117e-02
1.190000000000000e+01	1.195377e-02
1.200000000000000e+01	1.195636e-02
1.210000000000000e+01	1.195896e-02
1.220000000000000e+01	1.196156e-02
1.230000000000000e+01	1.196416e-02
1.240000000000000e+01	1.196676e-02
1.250000000000000e+01	1.196936e-02
1.260000000000000e+01	1.197196e-02
1.270000000000000e+01	1.197456e-02
1.280000000000000e+01	1.197715e-02
1.290000000000000e+01	1.197975e-02
1.300000000000000e+01	1.198235e-02
1.310000000000000e+01	1.198495e-02
1.320000000000000e+01	1.198755e-02
1.330000000000000e+01	1.199015e-02
1.340000000000000e+01	1.199275e-02
1.350000000000000e+01	1.199534e-02
1.360000000000000e+01	1.199794e-02
1.370000000000000e+01	1.200054e-02
1.380000000000000e+01	1.200314e-02
1.390000000000000e+01	1.200574e-02
1.400000000000000e+01	1.200834e-02
1.410000000000000e+01	1.201093e-02
1.420000000000000e+01	1.201353e-02
1.430000000000000e+01	1.201613e-02
1.440000000000000e+01	1.201873e-02
1.450000000000000e+01	1.202133e-02
1.460000000000000e+01	1.202393e-02
1.470000000000000e+01	1.202653e-02
1.480000000000000e+01	1.202912e-02
1.490000000000000e+01	1.203172e-02
1.500000000000000e+01	1.203432e-02
