V1	I(D1)

-3.000000000000000e+00	-1.524842e-07
-2.990000000000000e+00	-1.524842e-07
-2.980000000000000e+00	-1.524842e-07
-2.970000000000000e+00	-1.524842e-07
-2.960000000000000e+00	-1.524842e-07
-2.950000000000000e+00	-1.524841e-07
-2.940000000000000e+00	-1.524841e-07
-2.930000000000000e+00	-1.524841e-07
-2.920000000000000e+00	-1.524841e-07
-2.910000000000000e+00	-1.524841e-07
-2.900000000000000e+00	-1.524841e-07
-2.890000000000000e+00	-1.524841e-07
-2.880000000000000e+00	-1.524841e-07
-2.870000000000000e+00	-1.524841e-07
-2.860000000000000e+00	-1.524841e-07
-2.850000000000000e+00	-1.524840e-07
-2.840000000000000e+00	-1.524840e-07
-2.830000000000000e+00	-1.524840e-07
-2.820000000000000e+00	-1.524840e-07
-2.810000000000000e+00	-1.524840e-07
-2.800000000000000e+00	-1.524840e-07
-2.790000000000000e+00	-1.524840e-07
-2.780000000000000e+00	-1.524840e-07
-2.770000000000000e+00	-1.524840e-07
-2.760000000000000e+00	-1.524840e-07
-2.750000000000000e+00	-1.524839e-07
-2.740000000000000e+00	-1.524839e-07
-2.730000000000000e+00	-1.524839e-07
-2.720000000000000e+00	-1.524839e-07
-2.710000000000000e+00	-1.524839e-07
-2.700000000000000e+00	-1.524839e-07
-2.690000000000000e+00	-1.524839e-07
-2.680000000000000e+00	-1.524839e-07
-2.670000000000000e+00	-1.524839e-07
-2.660000000000000e+00	-1.524839e-07
-2.650000000000000e+00	-1.524838e-07
-2.640000000000000e+00	-1.524838e-07
-2.630000000000000e+00	-1.524838e-07
-2.620000000000000e+00	-1.524838e-07
-2.610000000000000e+00	-1.524838e-07
-2.600000000000000e+00	-1.524838e-07
-2.590000000000000e+00	-1.524838e-07
-2.580000000000000e+00	-1.524838e-07
-2.570000000000000e+00	-1.524838e-07
-2.560000000000000e+00	-1.524838e-07
-2.550000000000000e+00	-1.524838e-07
-2.540000000000000e+00	-1.524837e-07
-2.530000000000000e+00	-1.524837e-07
-2.520000000000000e+00	-1.524837e-07
-2.510000000000000e+00	-1.524837e-07
-2.500000000000000e+00	-1.524837e-07
-2.490000000000000e+00	-1.524837e-07
-2.480000000000000e+00	-1.524837e-07
-2.470000000000000e+00	-1.524837e-07
-2.460000000000000e+00	-1.524837e-07
-2.450000000000000e+00	-1.524837e-07
-2.440000000000000e+00	-1.524836e-07
-2.430000000000000e+00	-1.524836e-07
-2.420000000000000e+00	-1.524836e-07
-2.410000000000000e+00	-1.524836e-07
-2.400000000000000e+00	-1.524836e-07
-2.390000000000000e+00	-1.524836e-07
-2.380000000000000e+00	-1.524836e-07
-2.370000000000000e+00	-1.524836e-07
-2.360000000000000e+00	-1.524836e-07
-2.350000000000000e+00	-1.524836e-07
-2.340000000000000e+00	-1.524835e-07
-2.330000000000000e+00	-1.524835e-07
-2.320000000000000e+00	-1.524835e-07
-2.310000000000000e+00	-1.524835e-07
-2.300000000000000e+00	-1.524835e-07
-2.290000000000000e+00	-1.524835e-07
-2.280000000000000e+00	-1.524835e-07
-2.270000000000000e+00	-1.524835e-07
-2.260000000000000e+00	-1.524835e-07
-2.250000000000000e+00	-1.524835e-07
-2.240000000000000e+00	-1.524834e-07
-2.230000000000000e+00	-1.524834e-07
-2.220000000000000e+00	-1.524834e-07
-2.210000000000000e+00	-1.524834e-07
-2.200000000000000e+00	-1.524834e-07
-2.190000000000000e+00	-1.524834e-07
-2.180000000000000e+00	-1.524834e-07
-2.170000000000000e+00	-1.524834e-07
-2.160000000000000e+00	-1.524834e-07
-2.150000000000000e+00	-1.524834e-07
-2.140000000000000e+00	-1.524833e-07
-2.130000000000000e+00	-1.524833e-07
-2.120000000000000e+00	-1.524833e-07
-2.110000000000000e+00	-1.524833e-07
-2.100000000000000e+00	-1.524833e-07
-2.090000000000000e+00	-1.524833e-07
-2.080000000000000e+00	-1.524833e-07
-2.070000000000000e+00	-1.524833e-07
-2.060000000000000e+00	-1.524833e-07
-2.050000000000000e+00	-1.524833e-07
-2.040000000000000e+00	-1.524832e-07
-2.030000000000000e+00	-1.524832e-07
-2.020000000000000e+00	-1.524832e-07
-2.010000000000000e+00	-1.524832e-07
-2.000000000000000e+00	-1.524832e-07
-1.990000000000000e+00	-1.524832e-07
-1.980000000000000e+00	-1.524832e-07
-1.970000000000000e+00	-1.524832e-07
-1.960000000000000e+00	-1.524832e-07
-1.950000000000000e+00	-1.524832e-07
-1.940000000000000e+00	-1.524831e-07
-1.930000000000000e+00	-1.524831e-07
-1.920000000000000e+00	-1.524831e-07
-1.910000000000000e+00	-1.524831e-07
-1.900000000000000e+00	-1.524831e-07
-1.890000000000000e+00	-1.524831e-07
-1.880000000000000e+00	-1.524831e-07
-1.870000000000000e+00	-1.524831e-07
-1.860000000000000e+00	-1.524831e-07
-1.850000000000000e+00	-1.524831e-07
-1.840000000000000e+00	-1.524830e-07
-1.830000000000000e+00	-1.524830e-07
-1.820000000000000e+00	-1.524830e-07
-1.810000000000000e+00	-1.524830e-07
-1.800000000000000e+00	-1.524830e-07
-1.790000000000000e+00	-1.524830e-07
-1.780000000000000e+00	-1.524830e-07
-1.770000000000000e+00	-1.524830e-07
-1.760000000000000e+00	-1.524830e-07
-1.750000000000000e+00	-1.524830e-07
-1.740000000000000e+00	-1.524829e-07
-1.730000000000000e+00	-1.524829e-07
-1.720000000000000e+00	-1.524829e-07
-1.710000000000000e+00	-1.524829e-07
-1.700000000000000e+00	-1.524829e-07
-1.690000000000000e+00	-1.524829e-07
-1.680000000000000e+00	-1.524829e-07
-1.670000000000000e+00	-1.524829e-07
-1.660000000000000e+00	-1.524829e-07
-1.650000000000000e+00	-1.524829e-07
-1.640000000000000e+00	-1.524828e-07
-1.630000000000000e+00	-1.524828e-07
-1.620000000000000e+00	-1.524828e-07
-1.610000000000000e+00	-1.524828e-07
-1.600000000000000e+00	-1.524828e-07
-1.590000000000000e+00	-1.524828e-07
-1.580000000000000e+00	-1.524828e-07
-1.570000000000000e+00	-1.524828e-07
-1.560000000000000e+00	-1.524828e-07
-1.550000000000000e+00	-1.524828e-07
-1.540000000000000e+00	-1.524827e-07
-1.530000000000000e+00	-1.524827e-07
-1.520000000000000e+00	-1.524827e-07
-1.510000000000000e+00	-1.524827e-07
-1.500000000000000e+00	-1.524827e-07
-1.490000000000000e+00	-1.524827e-07
-1.480000000000000e+00	-1.524827e-07
-1.470000000000000e+00	-1.524827e-07
-1.460000000000000e+00	-1.524827e-07
-1.450000000000000e+00	-1.524826e-07
-1.440000000000000e+00	-1.524826e-07
-1.430000000000000e+00	-1.524826e-07
-1.420000000000000e+00	-1.524826e-07
-1.410000000000000e+00	-1.524826e-07
-1.400000000000000e+00	-1.524826e-07
-1.390000000000000e+00	-1.524826e-07
-1.380000000000000e+00	-1.524826e-07
-1.370000000000000e+00	-1.524826e-07
-1.360000000000000e+00	-1.524826e-07
-1.350000000000000e+00	-1.524825e-07
-1.340000000000000e+00	-1.524825e-07
-1.330000000000000e+00	-1.524825e-07
-1.320000000000000e+00	-1.524825e-07
-1.310000000000000e+00	-1.524825e-07
-1.300000000000000e+00	-1.524825e-07
-1.290000000000000e+00	-1.524825e-07
-1.280000000000000e+00	-1.524825e-07
-1.270000000000000e+00	-1.524825e-07
-1.260000000000000e+00	-1.524825e-07
-1.250000000000000e+00	-1.524824e-07
-1.240000000000000e+00	-1.524824e-07
-1.230000000000000e+00	-1.524824e-07
-1.220000000000000e+00	-1.524824e-07
-1.210000000000000e+00	-1.524824e-07
-1.200000000000000e+00	-1.524824e-07
-1.190000000000000e+00	-1.524824e-07
-1.180000000000000e+00	-1.524824e-07
-1.170000000000000e+00	-1.524824e-07
-1.160000000000000e+00	-1.524824e-07
-1.150000000000000e+00	-1.524823e-07
-1.140000000000000e+00	-1.524823e-07
-1.130000000000000e+00	-1.524823e-07
-1.120000000000000e+00	-1.524823e-07
-1.110000000000000e+00	-1.524823e-07
-1.100000000000000e+00	-1.524823e-07
-1.090000000000000e+00	-1.524823e-07
-1.080000000000000e+00	-1.524823e-07
-1.070000000000000e+00	-1.524823e-07
-1.060000000000000e+00	-1.524823e-07
-1.050000000000000e+00	-1.524822e-07
-1.040000000000000e+00	-1.524822e-07
-1.030000000000000e+00	-1.524822e-07
-1.020000000000000e+00	-1.524822e-07
-1.010000000000000e+00	-1.524822e-07
-1.000000000000000e+00	-1.524822e-07
-9.899999999999998e-01	-1.524822e-07
-9.800000000000000e-01	-1.524822e-07
-9.699999999999998e-01	-1.524822e-07
-9.600000000000000e-01	-1.524821e-07
-9.500000000000002e-01	-1.524821e-07
-9.399999999999999e-01	-1.524821e-07
-9.300000000000002e-01	-1.524821e-07
-9.199999999999999e-01	-1.524821e-07
-9.100000000000001e-01	-1.524821e-07
-8.999999999999999e-01	-1.524821e-07
-8.900000000000001e-01	-1.524821e-07
-8.799999999999999e-01	-1.524820e-07
-8.700000000000001e-01	-1.524820e-07
-8.599999999999999e-01	-1.524820e-07
-8.500000000000001e-01	-1.524820e-07
-8.399999999999999e-01	-1.524820e-07
-8.300000000000001e-01	-1.524819e-07
-8.199999999999998e-01	-1.524819e-07
-8.100000000000001e-01	-1.524819e-07
-7.999999999999998e-01	-1.524818e-07
-7.900000000000000e-01	-1.524818e-07
-7.799999999999998e-01	-1.524818e-07
-7.700000000000000e-01	-1.524817e-07
-7.599999999999998e-01	-1.524817e-07
-7.500000000000000e-01	-1.524816e-07
-7.399999999999998e-01	-1.524815e-07
-7.300000000000000e-01	-1.524814e-07
-7.199999999999998e-01	-1.524813e-07
-7.100000000000000e-01	-1.524812e-07
-6.999999999999997e-01	-1.524810e-07
-6.899999999999999e-01	-1.524809e-07
-6.800000000000002e-01	-1.524807e-07
-6.699999999999999e-01	-1.524804e-07
-6.600000000000001e-01	-1.524802e-07
-6.499999999999999e-01	-1.524798e-07
-6.400000000000001e-01	-1.524794e-07
-6.299999999999999e-01	-1.524790e-07
-6.200000000000001e-01	-1.524784e-07
-6.099999999999999e-01	-1.524778e-07
-6.000000000000001e-01	-1.524770e-07
-5.899999999999999e-01	-1.524761e-07
-5.800000000000001e-01	-1.524750e-07
-5.699999999999998e-01	-1.524737e-07
-5.600000000000001e-01	-1.524722e-07
-5.499999999999998e-01	-1.524703e-07
-5.400000000000000e-01	-1.524682e-07
-5.299999999999998e-01	-1.524656e-07
-5.200000000000000e-01	-1.524625e-07
-5.099999999999998e-01	-1.524589e-07
-5.000000000000000e-01	-1.524546e-07
-4.899999999999998e-01	-1.524495e-07
-4.800000000000000e-01	-1.524434e-07
-4.699999999999998e-01	-1.524362e-07
-4.600000000000000e-01	-1.524276e-07
-4.499999999999997e-01	-1.524174e-07
-4.399999999999999e-01	-1.524053e-07
-4.300000000000002e-01	-1.523909e-07
-4.199999999999999e-01	-1.523737e-07
-4.100000000000001e-01	-1.523534e-07
-3.999999999999999e-01	-1.523292e-07
-3.900000000000001e-01	-1.523004e-07
-3.799999999999999e-01	-1.522663e-07
-3.700000000000001e-01	-1.522256e-07
-3.599999999999999e-01	-1.521774e-07
-3.500000000000001e-01	-1.521200e-07
-3.399999999999999e-01	-1.520518e-07
-3.300000000000001e-01	-1.519707e-07
-3.199999999999998e-01	-1.518744e-07
-3.100000000000001e-01	-1.517599e-07
-2.999999999999998e-01	-1.516238e-07
-2.900000000000000e-01	-1.514620e-07
-2.799999999999998e-01	-1.512697e-07
-2.700000000000000e-01	-1.510412e-07
-2.599999999999998e-01	-1.507696e-07
-2.500000000000000e-01	-1.504467e-07
-2.399999999999998e-01	-1.500630e-07
-2.300000000000000e-01	-1.496069e-07
-2.199999999999998e-01	-1.490648e-07
-2.100000000000000e-01	-1.484205e-07
-1.999999999999997e-01	-1.476546e-07
-1.899999999999999e-01	-1.467444e-07
-1.800000000000002e-01	-1.456626e-07
-1.699999999999999e-01	-1.443768e-07
-1.600000000000001e-01	-1.428485e-07
-1.499999999999999e-01	-1.410322e-07
-1.400000000000001e-01	-1.388735e-07
-1.299999999999999e-01	-1.363078e-07
-1.200000000000001e-01	-1.332586e-07
-1.099999999999999e-01	-1.296347e-07
-1.000000000000001e-01	-1.253280e-07
-8.999999999999986e-02	-1.202099e-07
-8.000000000000007e-02	-1.141278e-07
-6.999999999999984e-02	-1.069002e-07
-6.000000000000005e-02	-9.831196e-08
-4.999999999999982e-02	-8.810731e-08
-4.000000000000004e-02	-7.598279e-08
-2.999999999999980e-02	-6.157828e-08
-2.000000000000002e-02	-4.446647e-08
-9.999999999999787e-03	-2.414063e-08
0.000000000000000e+00	0.000000e+00
1.000000000000023e-02	2.866727e-08
2.000000000000002e-02	6.270417e-08
3.000000000000025e-02	1.031083e-07
4.000000000000004e-02	1.510593e-07
5.000000000000027e-02	2.079507e-07
6.000000000000005e-02	2.754267e-07
7.000000000000028e-02	3.554250e-07
8.000000000000007e-02	4.502248e-07
8.999999999999986e-02	5.625030e-07
1.000000000000001e-01	6.953954e-07
1.099999999999999e-01	8.525666e-07
1.200000000000001e-01	1.038285e-06
1.299999999999999e-01	1.257505e-06
1.400000000000001e-01	1.515952e-06
1.499999999999999e-01	1.820210e-06
1.600000000000001e-01	2.177804e-06
1.699999999999999e-01	2.597279e-06
1.800000000000002e-01	3.088256e-06
1.899999999999999e-01	3.661475e-06
2.000000000000002e-01	4.328792e-06
2.100000000000000e-01	5.103138e-06
2.200000000000002e-01	5.998422e-06
2.300000000000000e-01	7.029361e-06
2.400000000000002e-01	8.211249e-06
2.500000000000000e-01	9.559652e-06
2.600000000000002e-01	1.109004e-05
2.700000000000000e-01	1.281736e-05
2.800000000000002e-01	1.475564e-05
2.900000000000000e-01	1.691750e-05
3.000000000000003e-01	1.931384e-05
3.100000000000001e-01	2.195346e-05
3.200000000000003e-01	2.484290e-05
3.300000000000001e-01	2.798627e-05
3.399999999999999e-01	3.138532e-05
3.500000000000001e-01	3.503949e-05
3.599999999999999e-01	3.894613e-05
3.700000000000001e-01	4.310074e-05
3.799999999999999e-01	4.749724e-05
3.900000000000001e-01	5.212830e-05
3.999999999999999e-01	5.698563e-05
4.100000000000001e-01	6.206025e-05
4.199999999999999e-01	6.734271e-05
4.300000000000002e-01	7.282337e-05
4.399999999999999e-01	7.849251e-05
4.500000000000002e-01	8.434052e-05
4.600000000000000e-01	9.035799e-05
4.700000000000002e-01	9.653578e-05
4.800000000000000e-01	1.028651e-04
4.900000000000002e-01	1.093376e-04
5.000000000000000e-01	1.159453e-04
5.100000000000002e-01	1.226806e-04
5.200000000000000e-01	1.295363e-04
5.300000000000002e-01	1.365058e-04
5.400000000000000e-01	1.435828e-04
5.500000000000003e-01	1.507613e-04
5.600000000000001e-01	1.580358e-04
5.700000000000003e-01	1.654010e-04
5.800000000000001e-01	1.728521e-04
5.899999999999999e-01	1.803847e-04
6.000000000000001e-01	1.879943e-04
6.099999999999999e-01	1.956770e-04
6.200000000000001e-01	2.034292e-04
6.299999999999999e-01	2.112473e-04
6.400000000000001e-01	2.191280e-04
6.499999999999999e-01	2.270684e-04
6.600000000000001e-01	2.350655e-04
6.699999999999999e-01	2.431167e-04
6.800000000000002e-01	2.512195e-04
6.899999999999999e-01	2.593714e-04
7.000000000000002e-01	2.675703e-04
7.100000000000000e-01	2.758141e-04
7.200000000000002e-01	2.841009e-04
7.300000000000000e-01	2.924287e-04
7.400000000000002e-01	3.007958e-04
7.500000000000000e-01	3.092007e-04
7.600000000000002e-01	3.176417e-04
7.700000000000000e-01	3.261174e-04
7.800000000000002e-01	3.346264e-04
7.900000000000000e-01	3.431674e-04
8.000000000000003e-01	3.517391e-04
8.100000000000001e-01	3.603405e-04
8.200000000000003e-01	3.689704e-04
8.300000000000001e-01	3.776277e-04
8.399999999999999e-01	3.863114e-04
8.500000000000001e-01	3.950207e-04
8.599999999999999e-01	4.037545e-04
8.700000000000001e-01	4.125121e-04
8.799999999999999e-01	4.212926e-04
8.900000000000001e-01	4.300952e-04
8.999999999999999e-01	4.389193e-04
9.100000000000001e-01	4.477640e-04
9.199999999999999e-01	4.566288e-04
9.300000000000002e-01	4.655130e-04
9.399999999999999e-01	4.744160e-04
9.500000000000002e-01	4.833371e-04
9.600000000000000e-01	4.922759e-04
9.700000000000002e-01	5.012318e-04
9.800000000000000e-01	5.102042e-04
9.900000000000002e-01	5.191928e-04
1.000000000000000e+00	5.281970e-04
