V1	I(D1)
Step Information: Temp=125  (Step: 3/3)
0.000000000000000e+00	0.000000e+00
1.000000000000000e-02	9.849326e-08
2.000000000000000e-02	2.139003e-07
3.000000000000000e-02	3.490463e-07
4.000000000000000e-02	5.071993e-07
5.000000000000000e-02	6.921293e-07
6.000000000000000e-02	9.081710e-07
7.000000000000001e-02	1.160290e-06
8.000000000000000e-02	1.454150e-06
9.000000000000000e-02	1.796177e-06
1.000000000000000e-01	2.193622e-06
1.100000000000000e-01	2.654612e-06
1.200000000000000e-01	3.188183e-06
1.300000000000000e-01	3.804296e-06
1.400000000000000e-01	4.513819e-06
1.500000000000000e-01	5.328479e-06
1.600000000000000e-01	6.260760e-06
1.700000000000000e-01	7.323762e-06
1.800000000000000e-01	8.531001e-06
1.900000000000000e-01	9.896164e-06
2.000000000000000e-01	1.143281e-05
2.100000000000000e-01	1.315407e-05
2.200000000000000e-01	1.507229e-05
2.300000000000000e-01	1.719868e-05
2.400000000000000e-01	1.954309e-05
2.500000000000000e-01	2.211367e-05
2.600000000000000e-01	2.491672e-05
2.700000000000000e-01	2.795661e-05
2.800000000000000e-01	3.123570e-05
2.900000000000000e-01	3.475443e-05
3.000000000000000e-01	3.851143e-05
3.100000000000000e-01	4.250366e-05
3.200000000000000e-01	4.672668e-05
3.300000000000000e-01	5.117481e-05
3.400000000000000e-01	5.584139e-05
3.500000000000000e-01	6.071904e-05
3.600000000000000e-01	6.579981e-05
3.700000000000000e-01	7.107540e-05
3.800000000000000e-01	7.653734e-05
3.900000000000000e-01	8.217709e-05
4.000000000000000e-01	8.798618e-05
4.100000000000000e-01	9.395630e-05
4.200000000000000e-01	1.000794e-04
4.300000000000000e-01	1.063475e-04
4.400000000000000e-01	1.127533e-04
4.500000000000000e-01	1.192894e-04
4.600000000000000e-01	1.259492e-04
4.700000000000000e-01	1.327260e-04
4.800000000000000e-01	1.396138e-04
4.900000000000000e-01	1.466067e-04
5.000000000000000e-01	1.536992e-04
5.100000000000000e-01	1.608863e-04
5.200000000000000e-01	1.681630e-04
5.300000000000000e-01	1.755249e-04
5.400000000000000e-01	1.829675e-04
5.500000000000000e-01	1.904870e-04
5.600000000000001e-01	1.980795e-04
5.700000000000001e-01	2.057414e-04
5.800000000000000e-01	2.134695e-04
5.900000000000000e-01	2.212607e-04
6.000000000000000e-01	2.291119e-04
6.100000000000000e-01	2.370204e-04
6.200000000000000e-01	2.449836e-04
6.300000000000000e-01	2.529990e-04
6.400000000000000e-01	2.610644e-04
6.500000000000000e-01	2.691776e-04
6.600000000000000e-01	2.773365e-04
6.700000000000000e-01	2.855392e-04
6.800000000000000e-01	2.937838e-04
6.900000000000001e-01	3.020687e-04
7.000000000000001e-01	3.103923e-04
7.100000000000000e-01	3.187529e-04
7.200000000000000e-01	3.271492e-04
7.300000000000000e-01	3.355797e-04
7.400000000000000e-01	3.440432e-04
7.500000000000000e-01	3.525384e-04
7.600000000000000e-01	3.610641e-04
7.700000000000000e-01	3.696192e-04
7.800000000000000e-01	3.782027e-04
7.900000000000000e-01	3.868136e-04
8.000000000000000e-01	3.954509e-04
8.100000000000001e-01	4.041136e-04
8.200000000000001e-01	4.128010e-04
8.300000000000001e-01	4.215122e-04
8.400000000000000e-01	4.302464e-04
8.500000000000000e-01	4.390028e-04
8.600000000000000e-01	4.477809e-04
8.700000000000000e-01	4.565797e-04
8.800000000000000e-01	4.653988e-04
8.900000000000000e-01	4.742374e-04
9.000000000000000e-01	4.830950e-04
9.100000000000000e-01	4.919710e-04
9.200000000000000e-01	5.008649e-04
9.300000000000000e-01	5.097761e-04
9.400000000000001e-01	5.187042e-04
9.500000000000001e-01	5.276485e-04
9.600000000000000e-01	5.366089e-04
9.700000000000000e-01	5.455845e-04
9.800000000000000e-01	5.545753e-04
9.900000000000000e-01	5.635806e-04
1.000000000000000e+00	5.726001e-04
1.010000000000000e+00	5.816335e-04
1.020000000000000e+00	5.906803e-04
1.030000000000000e+00	5.997402e-04
1.040000000000000e+00	6.088130e-04
1.050000000000000e+00	6.178981e-04
1.060000000000000e+00	6.269953e-04
1.070000000000000e+00	6.361045e-04
1.080000000000000e+00	6.452251e-04
1.090000000000000e+00	6.543570e-04
1.100000000000000e+00	6.634999e-04
1.110000000000000e+00	6.726536e-04
1.120000000000000e+00	6.818176e-04
1.130000000000000e+00	6.909919e-04
1.140000000000000e+00	7.001762e-04
1.150000000000000e+00	7.093703e-04
1.160000000000000e+00	7.185739e-04
1.170000000000000e+00	7.277868e-04
1.180000000000000e+00	7.370089e-04
1.190000000000000e+00	7.462398e-04
1.200000000000000e+00	7.554795e-04
1.210000000000000e+00	7.647277e-04
1.220000000000000e+00	7.739842e-04
1.230000000000000e+00	7.832490e-04
1.240000000000000e+00	7.925218e-04
1.250000000000000e+00	8.018023e-04
1.260000000000000e+00	8.110906e-04
1.270000000000000e+00	8.203864e-04
1.280000000000000e+00	8.296896e-04
1.290000000000000e+00	8.389999e-04
1.300000000000000e+00	8.483174e-04
1.310000000000000e+00	8.576418e-04
1.320000000000000e+00	8.669730e-04
1.330000000000000e+00	8.763109e-04
1.340000000000000e+00	8.856553e-04
1.350000000000000e+00	8.950061e-04
1.360000000000000e+00	9.043633e-04
1.370000000000000e+00	9.137266e-04
1.380000000000000e+00	9.230960e-04
1.390000000000000e+00	9.324714e-04
1.400000000000000e+00	9.418526e-04
1.410000000000000e+00	9.512396e-04
1.420000000000000e+00	9.606322e-04
1.430000000000000e+00	9.700304e-04
1.440000000000000e+00	9.794340e-04
1.450000000000000e+00	9.888429e-04
1.460000000000000e+00	9.982571e-04
1.470000000000000e+00	1.007676e-03
1.480000000000000e+00	1.017101e-03
1.490000000000000e+00	1.026530e-03
1.500000000000000e+00	1.035965e-03
1.510000000000000e+00	1.045404e-03
1.520000000000000e+00	1.054848e-03
1.530000000000000e+00	1.064297e-03
1.540000000000000e+00	1.073750e-03
1.550000000000000e+00	1.083208e-03
1.560000000000000e+00	1.092670e-03
1.570000000000000e+00	1.102136e-03
1.580000000000000e+00	1.111607e-03
1.590000000000000e+00	1.121082e-03
1.600000000000000e+00	1.130562e-03
1.610000000000000e+00	1.140045e-03
1.620000000000000e+00	1.149533e-03
1.630000000000000e+00	1.159024e-03
1.640000000000000e+00	1.168519e-03
1.650000000000000e+00	1.178019e-03
1.660000000000000e+00	1.187522e-03
1.670000000000000e+00	1.197029e-03
1.680000000000000e+00	1.206539e-03
1.690000000000000e+00	1.216053e-03
1.700000000000000e+00	1.225571e-03
1.710000000000000e+00	1.235093e-03
1.720000000000000e+00	1.244617e-03
1.730000000000000e+00	1.254146e-03
1.740000000000000e+00	1.263677e-03
1.750000000000000e+00	1.273212e-03
1.760000000000000e+00	1.282751e-03
1.770000000000000e+00	1.292292e-03
1.780000000000000e+00	1.301837e-03
1.790000000000000e+00	1.311385e-03
1.800000000000000e+00	1.320936e-03
1.810000000000000e+00	1.330490e-03
1.820000000000000e+00	1.340047e-03
1.830000000000000e+00	1.349607e-03
1.840000000000000e+00	1.359171e-03
1.850000000000000e+00	1.368737e-03
1.860000000000000e+00	1.378306e-03
1.870000000000000e+00	1.387878e-03
1.880000000000000e+00	1.397452e-03
1.890000000000000e+00	1.407030e-03
1.900000000000000e+00	1.416610e-03
1.910000000000000e+00	1.426193e-03
1.920000000000000e+00	1.435778e-03
1.930000000000000e+00	1.445366e-03
1.940000000000000e+00	1.454957e-03
1.950000000000000e+00	1.464550e-03
1.960000000000000e+00	1.474146e-03
1.970000000000000e+00	1.483745e-03
1.980000000000000e+00	1.493345e-03
1.990000000000000e+00	1.502949e-03
2.000000000000000e+00	1.512554e-03
2.010000000000000e+00	1.522163e-03
2.020000000000000e+00	1.531773e-03
2.030000000000000e+00	1.541386e-03
2.040000000000000e+00	1.551001e-03
2.050000000000000e+00	1.560618e-03
2.060000000000000e+00	1.570238e-03
2.070000000000000e+00	1.579860e-03
2.080000000000000e+00	1.589484e-03
2.090000000000000e+00	1.599110e-03
2.100000000000000e+00	1.608739e-03
2.110000000000000e+00	1.618369e-03
2.120000000000000e+00	1.628002e-03
2.130000000000000e+00	1.637637e-03
2.140000000000000e+00	1.647274e-03
2.150000000000000e+00	1.656912e-03
2.160000000000000e+00	1.666553e-03
2.170000000000000e+00	1.676196e-03
2.180000000000000e+00	1.685841e-03
2.190000000000000e+00	1.695488e-03
2.200000000000000e+00	1.705136e-03
2.210000000000000e+00	1.714787e-03
2.220000000000000e+00	1.724440e-03
2.230000000000000e+00	1.734094e-03
2.240000000000000e+00	1.743750e-03
2.250000000000000e+00	1.753408e-03
2.260000000000000e+00	1.763068e-03
2.270000000000000e+00	1.772730e-03
2.280000000000000e+00	1.782393e-03
2.290000000000000e+00	1.792058e-03
2.300000000000000e+00	1.801725e-03
2.310000000000000e+00	1.811394e-03
2.320000000000000e+00	1.821064e-03
2.330000000000000e+00	1.830736e-03
2.340000000000000e+00	1.840410e-03
2.350000000000000e+00	1.850085e-03
2.360000000000000e+00	1.859762e-03
2.370000000000000e+00	1.869440e-03
2.380000000000000e+00	1.879121e-03
2.390000000000000e+00	1.888802e-03
2.400000000000000e+00	1.898486e-03
2.410000000000000e+00	1.908171e-03
2.420000000000000e+00	1.917857e-03
2.430000000000000e+00	1.927545e-03
2.440000000000000e+00	1.937234e-03
2.450000000000000e+00	1.946925e-03
2.460000000000000e+00	1.956618e-03
2.470000000000000e+00	1.966312e-03
2.480000000000000e+00	1.976007e-03
2.490000000000000e+00	1.985704e-03
2.500000000000000e+00	1.995402e-03
2.510000000000000e+00	2.005102e-03
2.520000000000000e+00	2.014803e-03
2.530000000000000e+00	2.024505e-03
2.540000000000000e+00	2.034209e-03
2.550000000000000e+00	2.043914e-03
2.560000000000000e+00	2.053621e-03
2.570000000000000e+00	2.063328e-03
2.580000000000000e+00	2.073038e-03
2.590000000000000e+00	2.082748e-03
2.600000000000000e+00	2.092460e-03
2.610000000000000e+00	2.102173e-03
2.620000000000000e+00	2.111887e-03
2.630000000000000e+00	2.121603e-03
2.640000000000000e+00	2.131320e-03
2.650000000000000e+00	2.141038e-03
2.660000000000000e+00	2.150757e-03
2.670000000000000e+00	2.160478e-03
2.680000000000000e+00	2.170200e-03
2.690000000000000e+00	2.179923e-03
2.700000000000000e+00	2.189647e-03
2.710000000000000e+00	2.199373e-03
2.720000000000000e+00	2.209099e-03
2.730000000000000e+00	2.218827e-03
2.740000000000000e+00	2.228556e-03
2.750000000000000e+00	2.238286e-03
2.760000000000000e+00	2.248017e-03
2.770000000000000e+00	2.257749e-03
2.780000000000000e+00	2.267483e-03
2.790000000000000e+00	2.277217e-03
2.800000000000000e+00	2.286953e-03
2.810000000000000e+00	2.296690e-03
2.820000000000000e+00	2.306427e-03
2.830000000000000e+00	2.316166e-03
2.840000000000000e+00	2.325906e-03
2.850000000000000e+00	2.335647e-03
2.860000000000000e+00	2.345389e-03
2.870000000000000e+00	2.355132e-03
2.880000000000000e+00	2.364876e-03
2.890000000000000e+00	2.374622e-03
2.900000000000000e+00	2.384368e-03
2.910000000000000e+00	2.394115e-03
2.920000000000000e+00	2.403863e-03
2.930000000000000e+00	2.413612e-03
2.940000000000000e+00	2.423362e-03
2.950000000000000e+00	2.433113e-03
2.960000000000000e+00	2.442865e-03
2.970000000000000e+00	2.452618e-03
2.980000000000000e+00	2.462372e-03
2.990000000000000e+00	2.472127e-03
3.000000000000000e+00	2.481883e-03
3.010000000000000e+00	2.491640e-03
3.020000000000000e+00	2.501397e-03
3.030000000000000e+00	2.511156e-03
3.040000000000000e+00	2.520916e-03
3.050000000000000e+00	2.530676e-03
3.060000000000000e+00	2.540437e-03
3.070000000000000e+00	2.550199e-03
3.080000000000000e+00	2.559963e-03
3.090000000000000e+00	2.569727e-03
3.100000000000000e+00	2.579491e-03
3.110000000000000e+00	2.589257e-03
3.120000000000000e+00	2.599024e-03
3.130000000000000e+00	2.608791e-03
3.140000000000000e+00	2.618559e-03
3.150000000000000e+00	2.628329e-03
3.160000000000000e+00	2.638098e-03
3.170000000000000e+00	2.647869e-03
3.180000000000000e+00	2.657641e-03
3.190000000000000e+00	2.667413e-03
3.200000000000000e+00	2.677186e-03
3.210000000000000e+00	2.686960e-03
3.220000000000000e+00	2.696735e-03
3.230000000000000e+00	2.706511e-03
3.240000000000000e+00	2.716287e-03
3.250000000000000e+00	2.726064e-03
3.260000000000000e+00	2.735842e-03
3.270000000000000e+00	2.745621e-03
3.280000000000000e+00	2.755400e-03
3.290000000000000e+00	2.765181e-03
3.300000000000000e+00	2.774962e-03
3.310000000000000e+00	2.784743e-03
3.320000000000000e+00	2.794526e-03
3.330000000000000e+00	2.804309e-03
3.340000000000000e+00	2.814093e-03
3.350000000000000e+00	2.823878e-03
3.360000000000000e+00	2.833663e-03
3.370000000000000e+00	2.843449e-03
3.380000000000000e+00	2.853236e-03
3.390000000000000e+00	2.863024e-03
3.400000000000000e+00	2.872812e-03
3.410000000000000e+00	2.882601e-03
3.420000000000000e+00	2.892391e-03
3.430000000000000e+00	2.902181e-03
3.440000000000000e+00	2.911972e-03
3.450000000000000e+00	2.921764e-03
3.460000000000000e+00	2.931556e-03
3.470000000000000e+00	2.941350e-03
3.480000000000000e+00	2.951143e-03
3.490000000000000e+00	2.960938e-03
3.500000000000000e+00	2.970733e-03
3.510000000000000e+00	2.980529e-03
3.520000000000000e+00	2.990325e-03
3.530000000000000e+00	3.000122e-03
3.540000000000000e+00	3.009920e-03
3.550000000000000e+00	3.019718e-03
3.560000000000000e+00	3.029517e-03
3.570000000000000e+00	3.039317e-03
3.580000000000000e+00	3.049117e-03
3.590000000000000e+00	3.058918e-03
3.600000000000000e+00	3.068719e-03
3.610000000000000e+00	3.078521e-03
3.620000000000000e+00	3.088324e-03
3.630000000000000e+00	3.098127e-03
3.640000000000000e+00	3.107931e-03
3.650000000000000e+00	3.117736e-03
3.660000000000000e+00	3.127541e-03
3.670000000000000e+00	3.137347e-03
3.680000000000000e+00	3.147153e-03
3.690000000000000e+00	3.156960e-03
3.700000000000000e+00	3.166768e-03
3.710000000000000e+00	3.176576e-03
3.720000000000000e+00	3.186384e-03
3.730000000000000e+00	3.196193e-03
3.740000000000000e+00	3.206003e-03
3.750000000000000e+00	3.215814e-03
3.760000000000000e+00	3.225625e-03
3.770000000000000e+00	3.235436e-03
3.780000000000000e+00	3.245248e-03
3.790000000000000e+00	3.255061e-03
3.800000000000000e+00	3.264874e-03
3.810000000000000e+00	3.274688e-03
3.820000000000000e+00	3.284502e-03
3.830000000000000e+00	3.294317e-03
3.840000000000000e+00	3.304132e-03
3.850000000000000e+00	3.313948e-03
3.860000000000000e+00	3.323764e-03
3.870000000000000e+00	3.333581e-03
3.880000000000000e+00	3.343398e-03
3.890000000000000e+00	3.353216e-03
3.900000000000000e+00	3.363035e-03
3.910000000000000e+00	3.372854e-03
3.920000000000000e+00	3.382673e-03
3.930000000000000e+00	3.392493e-03
3.940000000000000e+00	3.402314e-03
3.950000000000000e+00	3.412135e-03
3.960000000000000e+00	3.421956e-03
3.970000000000000e+00	3.431778e-03
3.980000000000000e+00	3.441601e-03
3.990000000000000e+00	3.451424e-03
4.000000000000000e+00	3.461248e-03
4.010000000000000e+00	3.471072e-03
4.020000000000000e+00	3.480896e-03
4.030000000000000e+00	3.490721e-03
4.040000000000000e+00	3.500547e-03
4.050000000000000e+00	3.510372e-03
4.060000000000000e+00	3.520199e-03
4.070000000000000e+00	3.530026e-03
4.080000000000000e+00	3.539853e-03
4.090000000000000e+00	3.549681e-03
4.100000000000000e+00	3.559509e-03
4.110000000000000e+00	3.569338e-03
4.120000000000000e+00	3.579167e-03
4.130000000000000e+00	3.588997e-03
4.140000000000000e+00	3.598827e-03
4.150000000000000e+00	3.608658e-03
4.160000000000000e+00	3.618489e-03
4.170000000000000e+00	3.628320e-03
4.180000000000000e+00	3.638152e-03
4.190000000000000e+00	3.647984e-03
4.200000000000000e+00	3.657817e-03
4.210000000000000e+00	3.667650e-03
4.220000000000000e+00	3.677484e-03
4.230000000000000e+00	3.687318e-03
4.240000000000000e+00	3.697153e-03
4.250000000000000e+00	3.706988e-03
4.260000000000000e+00	3.716823e-03
4.270000000000000e+00	3.726659e-03
4.280000000000000e+00	3.736495e-03
4.290000000000000e+00	3.746332e-03
4.300000000000000e+00	3.756169e-03
4.310000000000000e+00	3.766006e-03
4.320000000000000e+00	3.775844e-03
4.330000000000000e+00	3.785683e-03
4.340000000000000e+00	3.795521e-03
4.350000000000001e+00	3.805361e-03
4.360000000000000e+00	3.815200e-03
4.370000000000000e+00	3.825040e-03
4.380000000000000e+00	3.834880e-03
4.390000000000000e+00	3.844721e-03
4.400000000000000e+00	3.854562e-03
4.410000000000000e+00	3.864404e-03
4.420000000000000e+00	3.874246e-03
4.430000000000000e+00	3.884088e-03
4.440000000000000e+00	3.893931e-03
4.450000000000000e+00	3.903774e-03
4.460000000000000e+00	3.913618e-03
4.470000000000000e+00	3.923461e-03
4.480000000000000e+00	3.933306e-03
4.490000000000000e+00	3.943150e-03
4.500000000000000e+00	3.952995e-03
4.510000000000000e+00	3.962841e-03
4.520000000000000e+00	3.972687e-03
4.530000000000000e+00	3.982533e-03
4.540000000000000e+00	3.992379e-03
4.550000000000000e+00	4.002226e-03
4.560000000000000e+00	4.012073e-03
4.570000000000000e+00	4.021921e-03
4.580000000000000e+00	4.031769e-03
4.590000000000000e+00	4.041618e-03
4.600000000000001e+00	4.051466e-03
4.610000000000000e+00	4.061315e-03
4.620000000000000e+00	4.071165e-03
4.630000000000000e+00	4.081015e-03
4.640000000000000e+00	4.090865e-03
4.650000000000000e+00	4.100715e-03
4.660000000000000e+00	4.110566e-03
4.670000000000000e+00	4.120417e-03
4.680000000000000e+00	4.130269e-03
4.690000000000000e+00	4.140121e-03
4.700000000000000e+00	4.149973e-03
4.710000000000000e+00	4.159825e-03
4.720000000000000e+00	4.169678e-03
4.730000000000000e+00	4.179532e-03
4.740000000000000e+00	4.189386e-03
4.750000000000000e+00	4.199239e-03
4.760000000000000e+00	4.209094e-03
4.770000000000000e+00	4.218948e-03
4.780000000000000e+00	4.228803e-03
4.790000000000000e+00	4.238659e-03
4.800000000000000e+00	4.248514e-03
4.810000000000000e+00	4.258370e-03
4.820000000000000e+00	4.268226e-03
4.830000000000000e+00	4.278083e-03
4.840000000000000e+00	4.287940e-03
4.850000000000001e+00	4.297797e-03
4.860000000000000e+00	4.307655e-03
4.870000000000000e+00	4.317512e-03
4.880000000000000e+00	4.327370e-03
4.890000000000000e+00	4.337229e-03
4.900000000000000e+00	4.347088e-03
4.910000000000000e+00	4.356947e-03
4.920000000000000e+00	4.366806e-03
4.930000000000000e+00	4.376666e-03
4.940000000000000e+00	4.386526e-03
4.950000000000000e+00	4.396386e-03
4.960000000000000e+00	4.406247e-03
4.970000000000000e+00	4.416108e-03
4.980000000000000e+00	4.425969e-03
4.990000000000000e+00	4.435831e-03
5.000000000000000e+00	4.445693e-03
