V1	I(D1)

-3.000000000000000e+00	-5.470957e-10
-2.990000000000000e+00	-5.470824e-10
-2.980000000000000e+00	-5.470735e-10
-2.970000000000000e+00	-5.470646e-10
-2.960000000000000e+00	-5.470557e-10
-2.950000000000000e+00	-5.470424e-10
-2.940000000000000e+00	-5.470335e-10
-2.930000000000000e+00	-5.470246e-10
-2.920000000000000e+00	-5.470158e-10
-2.910000000000000e+00	-5.470024e-10
-2.900000000000000e+00	-5.469936e-10
-2.890000000000000e+00	-5.469847e-10
-2.880000000000000e+00	-5.469758e-10
-2.870000000000000e+00	-5.469625e-10
-2.860000000000000e+00	-5.469536e-10
-2.850000000000000e+00	-5.469447e-10
-2.840000000000000e+00	-5.469358e-10
-2.830000000000000e+00	-5.469225e-10
-2.820000000000000e+00	-5.469136e-10
-2.810000000000000e+00	-5.469047e-10
-2.800000000000000e+00	-5.468959e-10
-2.790000000000000e+00	-5.468825e-10
-2.780000000000000e+00	-5.468737e-10
-2.770000000000000e+00	-5.468648e-10
-2.760000000000000e+00	-5.468559e-10
-2.750000000000000e+00	-5.468426e-10
-2.740000000000000e+00	-5.468337e-10
-2.730000000000000e+00	-5.468248e-10
-2.720000000000000e+00	-5.468159e-10
-2.710000000000000e+00	-5.468026e-10
-2.700000000000000e+00	-5.467937e-10
-2.690000000000000e+00	-5.467848e-10
-2.680000000000000e+00	-5.467760e-10
-2.670000000000000e+00	-5.467626e-10
-2.660000000000000e+00	-5.467538e-10
-2.650000000000000e+00	-5.467449e-10
-2.640000000000000e+00	-5.467360e-10
-2.630000000000000e+00	-5.467227e-10
-2.620000000000000e+00	-5.467138e-10
-2.610000000000000e+00	-5.467049e-10
-2.600000000000000e+00	-5.466960e-10
-2.590000000000000e+00	-5.466827e-10
-2.580000000000000e+00	-5.466738e-10
-2.570000000000000e+00	-5.466649e-10
-2.560000000000000e+00	-5.466561e-10
-2.550000000000000e+00	-5.466427e-10
-2.540000000000000e+00	-5.466338e-10
-2.530000000000000e+00	-5.466250e-10
-2.520000000000000e+00	-5.466161e-10
-2.510000000000000e+00	-5.466028e-10
-2.500000000000000e+00	-5.465939e-10
-2.490000000000000e+00	-5.465850e-10
-2.480000000000000e+00	-5.465761e-10
-2.470000000000000e+00	-5.465628e-10
-2.460000000000000e+00	-5.465539e-10
-2.450000000000000e+00	-5.465450e-10
-2.440000000000000e+00	-5.465361e-10
-2.430000000000000e+00	-5.465228e-10
-2.420000000000000e+00	-5.465139e-10
-2.410000000000000e+00	-5.465051e-10
-2.400000000000000e+00	-5.464962e-10
-2.390000000000000e+00	-5.464829e-10
-2.380000000000000e+00	-5.464740e-10
-2.370000000000000e+00	-5.464651e-10
-2.360000000000000e+00	-5.464562e-10
-2.350000000000000e+00	-5.464429e-10
-2.340000000000000e+00	-5.464340e-10
-2.330000000000000e+00	-5.464251e-10
-2.320000000000000e+00	-5.464162e-10
-2.310000000000000e+00	-5.464029e-10
-2.300000000000000e+00	-5.463940e-10
-2.290000000000000e+00	-5.463852e-10
-2.280000000000000e+00	-5.463763e-10
-2.270000000000000e+00	-5.463630e-10
-2.260000000000000e+00	-5.463541e-10
-2.250000000000000e+00	-5.463452e-10
-2.240000000000000e+00	-5.463363e-10
-2.230000000000000e+00	-5.463230e-10
-2.220000000000000e+00	-5.463141e-10
-2.210000000000000e+00	-5.463052e-10
-2.200000000000000e+00	-5.462963e-10
-2.190000000000000e+00	-5.462830e-10
-2.180000000000000e+00	-5.462741e-10
-2.170000000000000e+00	-5.462653e-10
-2.160000000000000e+00	-5.462564e-10
-2.150000000000000e+00	-5.462431e-10
-2.140000000000000e+00	-5.462342e-10
-2.130000000000000e+00	-5.462253e-10
-2.120000000000000e+00	-5.462164e-10
-2.110000000000000e+00	-5.462031e-10
-2.100000000000000e+00	-5.461942e-10
-2.090000000000000e+00	-5.461853e-10
-2.080000000000000e+00	-5.461764e-10
-2.070000000000000e+00	-5.461631e-10
-2.060000000000000e+00	-5.461542e-10
-2.050000000000000e+00	-5.461454e-10
-2.040000000000000e+00	-5.461365e-10
-2.030000000000000e+00	-5.461231e-10
-2.020000000000000e+00	-5.461143e-10
-2.010000000000000e+00	-5.461054e-10
-2.000000000000000e+00	-5.460921e-10
-1.990000000000000e+00	-5.460810e-10
-1.980000000000000e+00	-5.460721e-10
-1.970000000000000e+00	-5.460610e-10
-1.960000000000000e+00	-5.460521e-10
-1.950000000000000e+00	-5.460410e-10
-1.940000000000000e+00	-5.460321e-10
-1.930000000000000e+00	-5.460210e-10
-1.920000000000000e+00	-5.460121e-10
-1.910000000000000e+00	-5.460010e-10
-1.900000000000000e+00	-5.459921e-10
-1.890000000000000e+00	-5.459810e-10
-1.880000000000000e+00	-5.459722e-10
-1.870000000000000e+00	-5.459611e-10
-1.860000000000000e+00	-5.459522e-10
-1.850000000000000e+00	-5.459411e-10
-1.840000000000000e+00	-5.459322e-10
-1.830000000000000e+00	-5.459211e-10
-1.820000000000000e+00	-5.459122e-10
-1.810000000000000e+00	-5.459011e-10
-1.800000000000000e+00	-5.458922e-10
-1.790000000000000e+00	-5.458811e-10
-1.780000000000000e+00	-5.458722e-10
-1.770000000000000e+00	-5.458611e-10
-1.760000000000000e+00	-5.458523e-10
-1.750000000000000e+00	-5.458412e-10
-1.740000000000000e+00	-5.458323e-10
-1.730000000000000e+00	-5.458212e-10
-1.720000000000000e+00	-5.458123e-10
-1.710000000000000e+00	-5.458012e-10
-1.700000000000000e+00	-5.457923e-10
-1.690000000000000e+00	-5.457812e-10
-1.680000000000000e+00	-5.457723e-10
-1.670000000000000e+00	-5.457612e-10
-1.660000000000000e+00	-5.457523e-10
-1.650000000000000e+00	-5.457412e-10
-1.640000000000000e+00	-5.457323e-10
-1.630000000000000e+00	-5.457212e-10
-1.620000000000000e+00	-5.457124e-10
-1.610000000000000e+00	-5.457013e-10
-1.600000000000000e+00	-5.456924e-10
-1.590000000000000e+00	-5.456813e-10
-1.580000000000000e+00	-5.456724e-10
-1.570000000000000e+00	-5.456613e-10
-1.560000000000000e+00	-5.456524e-10
-1.550000000000000e+00	-5.456413e-10
-1.540000000000000e+00	-5.456324e-10
-1.530000000000000e+00	-5.456213e-10
-1.520000000000000e+00	-5.456124e-10
-1.510000000000000e+00	-5.456013e-10
-1.500000000000000e+00	-5.455925e-10
-1.490000000000000e+00	-5.455814e-10
-1.480000000000000e+00	-5.455725e-10
-1.470000000000000e+00	-5.455614e-10
-1.460000000000000e+00	-5.455525e-10
-1.450000000000000e+00	-5.455414e-10
-1.440000000000000e+00	-5.455325e-10
-1.430000000000000e+00	-5.455214e-10
-1.420000000000000e+00	-5.455125e-10
-1.410000000000000e+00	-5.455014e-10
-1.400000000000000e+00	-5.454925e-10
-1.390000000000000e+00	-5.454814e-10
-1.380000000000000e+00	-5.454726e-10
-1.370000000000000e+00	-5.454615e-10
-1.360000000000000e+00	-5.454526e-10
-1.350000000000000e+00	-5.454415e-10
-1.340000000000000e+00	-5.454326e-10
-1.330000000000000e+00	-5.454215e-10
-1.320000000000000e+00	-5.454126e-10
-1.310000000000000e+00	-5.454015e-10
-1.300000000000000e+00	-5.453926e-10
-1.290000000000000e+00	-5.453815e-10
-1.280000000000000e+00	-5.453726e-10
-1.270000000000000e+00	-5.453615e-10
-1.260000000000000e+00	-5.453527e-10
-1.250000000000000e+00	-5.453415e-10
-1.240000000000000e+00	-5.453327e-10
-1.230000000000000e+00	-5.453216e-10
-1.220000000000000e+00	-5.453127e-10
-1.210000000000000e+00	-5.453016e-10
-1.200000000000000e+00	-5.452927e-10
-1.190000000000000e+00	-5.452816e-10
-1.180000000000000e+00	-5.452727e-10
-1.170000000000000e+00	-5.452616e-10
-1.160000000000000e+00	-5.452527e-10
-1.150000000000000e+00	-5.452416e-10
-1.140000000000000e+00	-5.452327e-10
-1.130000000000000e+00	-5.452216e-10
-1.120000000000000e+00	-5.452128e-10
-1.110000000000000e+00	-5.452017e-10
-1.100000000000000e+00	-5.451928e-10
-1.090000000000000e+00	-5.451817e-10
-1.080000000000000e+00	-5.451728e-10
-1.070000000000000e+00	-5.451617e-10
-1.060000000000000e+00	-5.451528e-10
-1.050000000000000e+00	-5.451417e-10
-1.040000000000000e+00	-5.451328e-10
-1.030000000000000e+00	-5.451217e-10
-1.020000000000000e+00	-5.451128e-10
-1.010000000000000e+00	-5.451017e-10
-1.000000000000000e+00	-5.450917e-10
-9.899999999999998e-01	-5.450818e-10
-9.800000000000000e-01	-5.450718e-10
-9.699999999999998e-01	-5.450618e-10
-9.600000000000000e-01	-5.450518e-10
-9.500000000000002e-01	-5.450418e-10
-9.399999999999999e-01	-5.450318e-10
-9.300000000000002e-01	-5.450218e-10
-9.199999999999999e-01	-5.450118e-10
-9.100000000000001e-01	-5.450018e-10
-8.999999999999999e-01	-5.449918e-10
-8.900000000000001e-01	-5.449818e-10
-8.799999999999999e-01	-5.449718e-10
-8.700000000000001e-01	-5.449619e-10
-8.599999999999999e-01	-5.449519e-10
-8.500000000000001e-01	-5.449419e-10
-8.399999999999999e-01	-5.449319e-10
-8.300000000000001e-01	-5.449219e-10
-8.199999999999998e-01	-5.449119e-10
-8.100000000000001e-01	-5.449019e-10
-7.999999999999998e-01	-5.448919e-10
-7.900000000000000e-01	-5.448819e-10
-7.799999999999998e-01	-5.448719e-10
-7.700000000000000e-01	-5.448619e-10
-7.599999999999998e-01	-5.448519e-10
-7.500000000000000e-01	-5.448419e-10
-7.399999999999998e-01	-5.448320e-10
-7.300000000000000e-01	-5.448209e-10
-7.199999999999998e-01	-5.448109e-10
-7.100000000000000e-01	-5.448009e-10
-6.999999999999997e-01	-5.447909e-10
-6.899999999999999e-01	-5.447820e-10
-6.800000000000002e-01	-5.447720e-10
-6.699999999999999e-01	-5.447620e-10
-6.600000000000001e-01	-5.447509e-10
-6.499999999999999e-01	-5.447420e-10
-6.400000000000001e-01	-5.447309e-10
-6.299999999999999e-01	-5.447209e-10
-6.200000000000001e-01	-5.447109e-10
-6.099999999999999e-01	-5.447010e-10
-6.000000000000001e-01	-5.446898e-10
-5.899999999999999e-01	-5.446810e-10
-5.800000000000001e-01	-5.446699e-10
-5.699999999999998e-01	-5.446599e-10
-5.600000000000001e-01	-5.446488e-10
-5.499999999999998e-01	-5.446388e-10
-5.400000000000000e-01	-5.446277e-10
-5.299999999999998e-01	-5.446166e-10
-5.200000000000000e-01	-5.446055e-10
-5.099999999999998e-01	-5.445955e-10
-5.000000000000000e-01	-5.445827e-10
-4.899999999999998e-01	-5.445705e-10
-4.800000000000000e-01	-5.445577e-10
-4.699999999999998e-01	-5.445439e-10
-4.600000000000000e-01	-5.445294e-10
-4.499999999999997e-01	-5.445144e-10
-4.399999999999999e-01	-5.444978e-10
-4.300000000000002e-01	-5.444795e-10
-4.199999999999999e-01	-5.444589e-10
-4.100000000000001e-01	-5.444356e-10
-3.999999999999999e-01	-5.444095e-10
-3.900000000000001e-01	-5.443790e-10
-3.799999999999999e-01	-5.443446e-10
-3.700000000000001e-01	-5.443024e-10
-3.599999999999999e-01	-5.442530e-10
-3.500000000000001e-01	-5.441952e-10
-3.399999999999999e-01	-5.441236e-10
-3.300000000000001e-01	-5.440387e-10
-3.199999999999998e-01	-5.439343e-10
-3.100000000000001e-01	-5.438067e-10
-2.999999999999998e-01	-5.436501e-10
-2.900000000000000e-01	-5.434575e-10
-2.799999999999998e-01	-5.432194e-10
-2.700000000000000e-01	-5.429263e-10
-2.599999999999998e-01	-5.425638e-10
-2.500000000000000e-01	-5.421139e-10
-2.399999999999998e-01	-5.415554e-10
-2.300000000000000e-01	-5.408632e-10
-2.199999999999998e-01	-5.400019e-10
-2.100000000000000e-01	-5.389320e-10
-1.999999999999997e-01	-5.376011e-10
-1.899999999999999e-01	-5.359452e-10
-1.800000000000002e-01	-5.338843e-10
-1.699999999999999e-01	-5.313194e-10
-1.600000000000001e-01	-5.281259e-10
-1.499999999999999e-01	-5.241496e-10
-1.400000000000001e-01	-5.191972e-10
-1.299999999999999e-01	-5.130293e-10
-1.200000000000001e-01	-5.053468e-10
-1.099999999999999e-01	-4.957770e-10
-1.000000000000001e-01	-4.838556e-10
-8.999999999999986e-02	-4.690044e-10
-8.000000000000007e-02	-4.505024e-10
-6.999999999999984e-02	-4.274521e-10
-6.000000000000005e-02	-3.987343e-10
-4.999999999999982e-02	-3.629553e-10
-4.000000000000004e-02	-3.183778e-10
-2.999999999999980e-02	-2.628379e-10
-2.000000000000002e-02	-1.936391e-10
-9.999999999999787e-03	-1.074218e-10
0.000000000000000e+00	0.000000e+00
1.000000000000023e-02	1.338419e-10
2.000000000000002e-02	3.006023e-10
3.000000000000025e-02	5.083777e-10
4.000000000000004e-02	7.672558e-10
5.000000000000027e-02	1.089805e-09
6.000000000000005e-02	1.491686e-09
7.000000000000028e-02	1.992407e-09
8.000000000000007e-02	2.616276e-09
8.999999999999986e-02	3.393576e-09
1.000000000000001e-01	4.362034e-09
1.099999999999999e-01	5.568650e-09
1.200000000000001e-01	7.071974e-09
1.299999999999999e-01	8.944938e-09
1.400000000000001e-01	1.127839e-08
1.499999999999999e-01	1.418548e-08
1.600000000000001e-01	1.780712e-08
1.699999999999999e-01	2.231880e-08
1.800000000000002e-01	2.793898e-08
1.899999999999999e-01	3.493966e-08
2.000000000000002e-01	4.365932e-08
2.100000000000000e-01	5.451914e-08
2.200000000000002e-01	6.804297e-08
2.300000000000000e-01	8.488211e-08
2.400000000000002e-01	1.058459e-07
2.500000000000000e-01	1.319392e-07
2.600000000000002e-01	1.644091e-07
2.700000000000000e-01	2.048012e-07
2.800000000000002e-01	2.550288e-07
2.900000000000000e-01	3.174568e-07
3.000000000000003e-01	3.950024e-07
3.100000000000001e-01	4.912553e-07
3.200000000000003e-01	6.106198e-07
3.300000000000001e-01	7.584794e-07
3.399999999999999e-01	9.413845e-07
3.500000000000001e-01	1.167261e-06
3.599999999999999e-01	1.445632e-06
3.700000000000001e-01	1.787845e-06
3.799999999999999e-01	2.207285e-06
3.900000000000001e-01	2.719538e-06
3.999999999999999e-01	3.342492e-06
4.100000000000001e-01	4.096306e-06
4.199999999999999e-01	5.003218e-06
4.300000000000002e-01	6.087141e-06
4.399999999999999e-01	7.373034e-06
4.500000000000002e-01	8.886042e-06
4.600000000000000e-01	1.065045e-05
4.700000000000002e-01	1.268856e-05
4.800000000000000e-01	1.501959e-05
4.900000000000002e-01	1.765876e-05
5.000000000000000e-01	2.061664e-05
5.100000000000002e-01	2.389887e-05
5.200000000000000e-01	2.750623e-05
5.300000000000002e-01	3.143506e-05
5.400000000000000e-01	3.567785e-05
5.500000000000003e-01	4.022401e-05
5.600000000000001e-01	4.506065e-05
5.700000000000003e-01	5.017332e-05
5.800000000000001e-01	5.554668e-05
5.899999999999999e-01	6.116502e-05
6.000000000000001e-01	6.701272e-05
6.099999999999999e-01	7.307454e-05
6.200000000000001e-01	7.933583e-05
6.299999999999999e-01	8.578271e-05
6.400000000000001e-01	9.240214e-05
6.499999999999999e-01	9.918191e-05
6.600000000000001e-01	1.061107e-04
6.699999999999999e-01	1.131781e-04
6.800000000000002e-01	1.203744e-04
6.899999999999999e-01	1.276907e-04
7.000000000000002e-01	1.351189e-04
7.100000000000000e-01	1.426514e-04
7.200000000000002e-01	1.502814e-04
7.300000000000000e-01	1.580025e-04
7.400000000000002e-01	1.658088e-04
7.500000000000000e-01	1.736952e-04
7.600000000000002e-01	1.816566e-04
7.700000000000000e-01	1.896885e-04
7.800000000000002e-01	1.977867e-04
7.900000000000000e-01	2.059474e-04
8.000000000000003e-01	2.141671e-04
8.100000000000001e-01	2.224424e-04
8.200000000000003e-01	2.307703e-04
8.300000000000001e-01	2.391480e-04
8.399999999999999e-01	2.475728e-04
8.500000000000001e-01	2.560424e-04
8.599999999999999e-01	2.645545e-04
8.700000000000001e-01	2.731069e-04
8.799999999999999e-01	2.816977e-04
8.900000000000001e-01	2.903251e-04
8.999999999999999e-01	2.989874e-04
9.100000000000001e-01	3.076830e-04
9.199999999999999e-01	3.164103e-04
9.300000000000002e-01	3.251680e-04
9.399999999999999e-01	3.339547e-04
9.500000000000002e-01	3.427692e-04
9.600000000000000e-01	3.516103e-04
9.700000000000002e-01	3.604770e-04
9.800000000000000e-01	3.693682e-04
9.900000000000002e-01	3.782829e-04
1.000000000000000e+00	3.872202e-04
