V1	I(D1)
Step Information: Temp=100  (Step: 2/3)
0.000000000000000e+00	0.000000e+00
1.000000000000000e-02	2.866727e-08
2.000000000000000e-02	6.270417e-08
3.000000000000000e-02	1.031083e-07
4.000000000000000e-02	1.510593e-07
5.000000000000000e-02	2.079507e-07
6.000000000000000e-02	2.754267e-07
7.000000000000001e-02	3.554250e-07
8.000000000000000e-02	4.502248e-07
9.000000000000000e-02	5.625030e-07
1.000000000000000e-01	6.953954e-07
1.100000000000000e-01	8.525666e-07
1.200000000000000e-01	1.038285e-06
1.300000000000000e-01	1.257505e-06
1.400000000000000e-01	1.515952e-06
1.500000000000000e-01	1.820210e-06
1.600000000000000e-01	2.177804e-06
1.700000000000000e-01	2.597279e-06
1.800000000000000e-01	3.088256e-06
1.900000000000000e-01	3.661475e-06
2.000000000000000e-01	4.328792e-06
2.100000000000000e-01	5.103138e-06
2.200000000000000e-01	5.998422e-06
2.300000000000000e-01	7.029361e-06
2.400000000000000e-01	8.211249e-06
2.500000000000000e-01	9.559652e-06
2.600000000000000e-01	1.109004e-05
2.700000000000000e-01	1.281736e-05
2.800000000000000e-01	1.475564e-05
2.900000000000000e-01	1.691750e-05
3.000000000000000e-01	1.931384e-05
3.100000000000000e-01	2.195346e-05
3.200000000000000e-01	2.484290e-05
3.300000000000000e-01	2.798627e-05
3.400000000000000e-01	3.138532e-05
3.500000000000000e-01	3.503949e-05
3.600000000000000e-01	3.894613e-05
3.700000000000000e-01	4.310074e-05
3.800000000000000e-01	4.749724e-05
3.900000000000000e-01	5.212830e-05
4.000000000000000e-01	5.698563e-05
4.100000000000000e-01	6.206025e-05
4.200000000000000e-01	6.734271e-05
4.300000000000000e-01	7.282337e-05
4.400000000000000e-01	7.849251e-05
4.500000000000000e-01	8.434052e-05
4.600000000000000e-01	9.035799e-05
4.700000000000000e-01	9.653578e-05
4.800000000000000e-01	1.028651e-04
4.900000000000000e-01	1.093376e-04
5.000000000000000e-01	1.159453e-04
5.100000000000000e-01	1.226806e-04
5.200000000000000e-01	1.295363e-04
5.300000000000000e-01	1.365058e-04
5.400000000000000e-01	1.435828e-04
5.500000000000000e-01	1.507613e-04
5.600000000000001e-01	1.580358e-04
5.700000000000001e-01	1.654010e-04
5.800000000000000e-01	1.728521e-04
5.900000000000000e-01	1.803847e-04
6.000000000000000e-01	1.879943e-04
6.100000000000000e-01	1.956770e-04
6.200000000000000e-01	2.034292e-04
6.300000000000000e-01	2.112473e-04
6.400000000000000e-01	2.191280e-04
6.500000000000000e-01	2.270684e-04
6.600000000000000e-01	2.350655e-04
6.700000000000000e-01	2.431167e-04
6.800000000000000e-01	2.512195e-04
6.900000000000001e-01	2.593714e-04
7.000000000000001e-01	2.675703e-04
7.100000000000000e-01	2.758141e-04
7.200000000000000e-01	2.841009e-04
7.300000000000000e-01	2.924287e-04
7.400000000000000e-01	3.007958e-04
7.500000000000000e-01	3.092007e-04
7.600000000000000e-01	3.176417e-04
7.700000000000000e-01	3.261174e-04
7.800000000000000e-01	3.346264e-04
7.900000000000000e-01	3.431674e-04
8.000000000000000e-01	3.517391e-04
8.100000000000001e-01	3.603405e-04
8.200000000000001e-01	3.689704e-04
8.300000000000001e-01	3.776277e-04
8.400000000000000e-01	3.863114e-04
8.500000000000000e-01	3.950207e-04
8.600000000000000e-01	4.037545e-04
8.700000000000000e-01	4.125121e-04
8.800000000000000e-01	4.212926e-04
8.900000000000000e-01	4.300952e-04
9.000000000000000e-01	4.389193e-04
9.100000000000000e-01	4.477640e-04
9.200000000000000e-01	4.566288e-04
9.300000000000000e-01	4.655130e-04
9.400000000000001e-01	4.744160e-04
9.500000000000001e-01	4.833371e-04
9.600000000000000e-01	4.922759e-04
9.700000000000000e-01	5.012318e-04
9.800000000000000e-01	5.102042e-04
9.900000000000000e-01	5.191928e-04
1.000000000000000e+00	5.281970e-04
1.010000000000000e+00	5.372164e-04
1.020000000000000e+00	5.462505e-04
1.030000000000000e+00	5.552990e-04
1.040000000000000e+00	5.643613e-04
1.050000000000000e+00	5.734373e-04
1.060000000000000e+00	5.825264e-04
1.070000000000000e+00	5.916283e-04
1.080000000000000e+00	6.007428e-04
1.090000000000000e+00	6.098694e-04
1.100000000000000e+00	6.190078e-04
1.110000000000000e+00	6.281578e-04
1.120000000000000e+00	6.373191e-04
1.130000000000000e+00	6.464912e-04
1.140000000000000e+00	6.556741e-04
1.150000000000000e+00	6.648675e-04
1.160000000000000e+00	6.740710e-04
1.170000000000000e+00	6.832845e-04
1.180000000000000e+00	6.925077e-04
1.190000000000000e+00	7.017404e-04
1.200000000000000e+00	7.109823e-04
1.210000000000000e+00	7.202333e-04
1.220000000000000e+00	7.294932e-04
1.230000000000000e+00	7.387616e-04
1.240000000000000e+00	7.480385e-04
1.250000000000000e+00	7.573237e-04
1.260000000000000e+00	7.666170e-04
1.270000000000000e+00	7.759182e-04
1.280000000000000e+00	7.852271e-04
1.290000000000000e+00	7.945437e-04
1.300000000000000e+00	8.038675e-04
1.310000000000000e+00	8.131987e-04
1.320000000000000e+00	8.225371e-04
1.330000000000000e+00	8.318824e-04
1.340000000000000e+00	8.412345e-04
1.350000000000000e+00	8.505933e-04
1.360000000000000e+00	8.599586e-04
1.370000000000000e+00	8.693305e-04
1.380000000000000e+00	8.787086e-04
1.390000000000000e+00	8.880929e-04
1.400000000000000e+00	8.974833e-04
1.410000000000000e+00	9.068796e-04
1.420000000000000e+00	9.162818e-04
1.430000000000000e+00	9.256897e-04
1.440000000000000e+00	9.351032e-04
1.450000000000000e+00	9.445223e-04
1.460000000000000e+00	9.539467e-04
1.470000000000000e+00	9.633765e-04
1.480000000000000e+00	9.728116e-04
1.490000000000000e+00	9.822518e-04
1.500000000000000e+00	9.916970e-04
1.510000000000000e+00	1.001147e-03
1.520000000000000e+00	1.010602e-03
1.530000000000000e+00	1.020062e-03
1.540000000000000e+00	1.029527e-03
1.550000000000000e+00	1.038996e-03
1.560000000000000e+00	1.048470e-03
1.570000000000000e+00	1.057948e-03
1.580000000000000e+00	1.067431e-03
1.590000000000000e+00	1.076918e-03
1.600000000000000e+00	1.086409e-03
1.610000000000000e+00	1.095904e-03
1.620000000000000e+00	1.105404e-03
1.630000000000000e+00	1.114907e-03
1.640000000000000e+00	1.124415e-03
1.650000000000000e+00	1.133927e-03
1.660000000000000e+00	1.143442e-03
1.670000000000000e+00	1.152961e-03
1.680000000000000e+00	1.162484e-03
1.690000000000000e+00	1.172011e-03
1.700000000000000e+00	1.181541e-03
1.710000000000000e+00	1.191075e-03
1.720000000000000e+00	1.200613e-03
1.730000000000000e+00	1.210154e-03
1.740000000000000e+00	1.219698e-03
1.750000000000000e+00	1.229246e-03
1.760000000000000e+00	1.238797e-03
1.770000000000000e+00	1.248351e-03
1.780000000000000e+00	1.257909e-03
1.790000000000000e+00	1.267470e-03
1.800000000000000e+00	1.277034e-03
1.810000000000000e+00	1.286601e-03
1.820000000000000e+00	1.296171e-03
1.830000000000000e+00	1.305744e-03
1.840000000000000e+00	1.315320e-03
1.850000000000000e+00	1.324899e-03
1.860000000000000e+00	1.334482e-03
1.870000000000000e+00	1.344066e-03
1.880000000000000e+00	1.353654e-03
1.890000000000000e+00	1.363244e-03
1.900000000000000e+00	1.372838e-03
1.910000000000000e+00	1.382434e-03
1.920000000000000e+00	1.392032e-03
1.930000000000000e+00	1.401633e-03
1.940000000000000e+00	1.411237e-03
1.950000000000000e+00	1.420844e-03
1.960000000000000e+00	1.430453e-03
1.970000000000000e+00	1.440064e-03
1.980000000000000e+00	1.449678e-03
1.990000000000000e+00	1.459295e-03
2.000000000000000e+00	1.468913e-03
2.010000000000000e+00	1.478535e-03
2.020000000000000e+00	1.488158e-03
2.030000000000000e+00	1.497784e-03
2.040000000000000e+00	1.507412e-03
2.050000000000000e+00	1.517043e-03
2.060000000000000e+00	1.526675e-03
2.070000000000000e+00	1.536310e-03
2.080000000000000e+00	1.545948e-03
2.090000000000000e+00	1.555587e-03
2.100000000000000e+00	1.565228e-03
2.110000000000000e+00	1.574872e-03
2.120000000000000e+00	1.584517e-03
2.130000000000000e+00	1.594165e-03
2.140000000000000e+00	1.603815e-03
2.150000000000000e+00	1.613467e-03
2.160000000000000e+00	1.623121e-03
2.170000000000000e+00	1.632776e-03
2.180000000000000e+00	1.642434e-03
2.190000000000000e+00	1.652094e-03
2.200000000000000e+00	1.661755e-03
2.210000000000000e+00	1.671419e-03
2.220000000000000e+00	1.681084e-03
2.230000000000000e+00	1.690751e-03
2.240000000000000e+00	1.700420e-03
2.250000000000000e+00	1.710091e-03
2.260000000000000e+00	1.719764e-03
2.270000000000000e+00	1.729438e-03
2.280000000000000e+00	1.739114e-03
2.290000000000000e+00	1.748792e-03
2.300000000000000e+00	1.758471e-03
2.310000000000000e+00	1.768153e-03
2.320000000000000e+00	1.777836e-03
2.330000000000000e+00	1.787520e-03
2.340000000000000e+00	1.797207e-03
2.350000000000000e+00	1.806895e-03
2.360000000000000e+00	1.816584e-03
2.370000000000000e+00	1.826275e-03
2.380000000000000e+00	1.835968e-03
2.390000000000000e+00	1.845662e-03
2.400000000000000e+00	1.855358e-03
2.410000000000000e+00	1.865055e-03
2.420000000000000e+00	1.874754e-03
2.430000000000000e+00	1.884454e-03
2.440000000000000e+00	1.894156e-03
2.450000000000000e+00	1.903859e-03
2.460000000000000e+00	1.913564e-03
2.470000000000000e+00	1.923270e-03
2.480000000000000e+00	1.932978e-03
2.490000000000000e+00	1.942687e-03
2.500000000000000e+00	1.952398e-03
2.510000000000000e+00	1.962109e-03
2.520000000000000e+00	1.971823e-03
2.530000000000000e+00	1.981537e-03
2.540000000000000e+00	1.991253e-03
2.550000000000000e+00	2.000971e-03
2.560000000000000e+00	2.010689e-03
2.570000000000000e+00	2.020409e-03
2.580000000000000e+00	2.030130e-03
2.590000000000000e+00	2.039853e-03
2.600000000000000e+00	2.049576e-03
2.610000000000000e+00	2.059302e-03
2.620000000000000e+00	2.069028e-03
2.630000000000000e+00	2.078756e-03
2.640000000000000e+00	2.088484e-03
2.650000000000000e+00	2.098214e-03
2.660000000000000e+00	2.107946e-03
2.670000000000000e+00	2.117678e-03
2.680000000000000e+00	2.127412e-03
2.690000000000000e+00	2.137146e-03
2.700000000000000e+00	2.146882e-03
2.710000000000000e+00	2.156619e-03
2.720000000000000e+00	2.166358e-03
2.730000000000000e+00	2.176097e-03
2.740000000000000e+00	2.185838e-03
2.750000000000000e+00	2.195579e-03
2.760000000000000e+00	2.205322e-03
2.770000000000000e+00	2.215066e-03
2.780000000000000e+00	2.224811e-03
2.790000000000000e+00	2.234557e-03
2.800000000000000e+00	2.244304e-03
2.810000000000000e+00	2.254052e-03
2.820000000000000e+00	2.263802e-03
2.830000000000000e+00	2.273552e-03
2.840000000000000e+00	2.283303e-03
2.850000000000000e+00	2.293055e-03
2.860000000000000e+00	2.302809e-03
2.870000000000000e+00	2.312563e-03
2.880000000000000e+00	2.322319e-03
2.890000000000000e+00	2.332075e-03
2.900000000000000e+00	2.341832e-03
2.910000000000000e+00	2.351591e-03
2.920000000000000e+00	2.361350e-03
2.930000000000000e+00	2.371110e-03
2.940000000000000e+00	2.380872e-03
2.950000000000000e+00	2.390634e-03
2.960000000000000e+00	2.400397e-03
2.970000000000000e+00	2.410161e-03
2.980000000000000e+00	2.419926e-03
2.990000000000000e+00	2.429692e-03
3.000000000000000e+00	2.439459e-03
3.010000000000000e+00	2.449227e-03
3.020000000000000e+00	2.458995e-03
3.030000000000000e+00	2.468765e-03
3.040000000000000e+00	2.478535e-03
3.050000000000000e+00	2.488306e-03
3.060000000000000e+00	2.498079e-03
3.070000000000000e+00	2.507852e-03
3.080000000000000e+00	2.517626e-03
3.090000000000000e+00	2.527400e-03
3.100000000000000e+00	2.537176e-03
3.110000000000000e+00	2.546952e-03
3.120000000000000e+00	2.556730e-03
3.130000000000000e+00	2.566508e-03
3.140000000000000e+00	2.576287e-03
3.150000000000000e+00	2.586066e-03
3.160000000000000e+00	2.595847e-03
3.170000000000000e+00	2.605628e-03
3.180000000000000e+00	2.615410e-03
3.190000000000000e+00	2.625193e-03
3.200000000000000e+00	2.634977e-03
3.210000000000000e+00	2.644762e-03
3.220000000000000e+00	2.654547e-03
3.230000000000000e+00	2.664333e-03
3.240000000000000e+00	2.674120e-03
3.250000000000000e+00	2.683907e-03
3.260000000000000e+00	2.693696e-03
3.270000000000000e+00	2.703485e-03
3.280000000000000e+00	2.713274e-03
3.290000000000000e+00	2.723065e-03
3.300000000000000e+00	2.732856e-03
3.310000000000000e+00	2.742648e-03
3.320000000000000e+00	2.752441e-03
3.330000000000000e+00	2.762235e-03
3.340000000000000e+00	2.772029e-03
3.350000000000000e+00	2.781824e-03
3.360000000000000e+00	2.791619e-03
3.370000000000000e+00	2.801416e-03
3.380000000000000e+00	2.811212e-03
3.390000000000000e+00	2.821010e-03
3.400000000000000e+00	2.830809e-03
3.410000000000000e+00	2.840607e-03
3.420000000000000e+00	2.850407e-03
3.430000000000000e+00	2.860208e-03
3.440000000000000e+00	2.870009e-03
3.450000000000000e+00	2.879810e-03
3.460000000000000e+00	2.889613e-03
3.470000000000000e+00	2.899416e-03
3.480000000000000e+00	2.909219e-03
3.490000000000000e+00	2.919024e-03
3.500000000000000e+00	2.928829e-03
3.510000000000000e+00	2.938634e-03
3.520000000000000e+00	2.948440e-03
3.530000000000000e+00	2.958247e-03
3.540000000000000e+00	2.968054e-03
3.550000000000000e+00	2.977863e-03
3.560000000000000e+00	2.987671e-03
3.570000000000000e+00	2.997481e-03
3.580000000000000e+00	3.007291e-03
3.590000000000000e+00	3.017101e-03
3.600000000000000e+00	3.026912e-03
3.610000000000000e+00	3.036724e-03
3.620000000000000e+00	3.046536e-03
3.630000000000000e+00	3.056349e-03
3.640000000000000e+00	3.066163e-03
3.650000000000000e+00	3.075977e-03
3.660000000000000e+00	3.085791e-03
3.670000000000000e+00	3.095607e-03
3.680000000000000e+00	3.105422e-03
3.690000000000000e+00	3.115239e-03
3.700000000000000e+00	3.125055e-03
3.710000000000000e+00	3.134873e-03
3.720000000000000e+00	3.144691e-03
3.730000000000000e+00	3.154510e-03
3.740000000000000e+00	3.164329e-03
3.750000000000000e+00	3.174148e-03
3.760000000000000e+00	3.183969e-03
3.770000000000000e+00	3.193789e-03
3.780000000000000e+00	3.203611e-03
3.790000000000000e+00	3.213433e-03
3.800000000000000e+00	3.223255e-03
3.810000000000000e+00	3.233078e-03
3.820000000000000e+00	3.242901e-03
3.830000000000000e+00	3.252725e-03
3.840000000000000e+00	3.262550e-03
3.850000000000000e+00	3.272375e-03
3.860000000000000e+00	3.282200e-03
3.870000000000000e+00	3.292026e-03
3.880000000000000e+00	3.301853e-03
3.890000000000000e+00	3.311680e-03
3.900000000000000e+00	3.321507e-03
3.910000000000000e+00	3.331335e-03
3.920000000000000e+00	3.341164e-03
3.930000000000000e+00	3.350993e-03
3.940000000000000e+00	3.360822e-03
3.950000000000000e+00	3.370652e-03
3.960000000000000e+00	3.380483e-03
3.970000000000000e+00	3.390314e-03
3.980000000000000e+00	3.400145e-03
3.990000000000000e+00	3.409977e-03
4.000000000000000e+00	3.419810e-03
4.010000000000000e+00	3.429642e-03
4.020000000000000e+00	3.439476e-03
4.030000000000000e+00	3.449309e-03
4.040000000000000e+00	3.459144e-03
4.050000000000000e+00	3.468978e-03
4.060000000000000e+00	3.478813e-03
4.070000000000000e+00	3.488649e-03
4.080000000000000e+00	3.498485e-03
4.090000000000000e+00	3.508322e-03
4.100000000000000e+00	3.518159e-03
4.110000000000000e+00	3.527996e-03
4.120000000000000e+00	3.537834e-03
4.130000000000000e+00	3.547672e-03
4.140000000000000e+00	3.557511e-03
4.150000000000000e+00	3.567350e-03
4.160000000000000e+00	3.577190e-03
4.170000000000000e+00	3.587030e-03
4.180000000000000e+00	3.596870e-03
4.190000000000000e+00	3.606711e-03
4.200000000000000e+00	3.616552e-03
4.210000000000000e+00	3.626394e-03
4.220000000000000e+00	3.636236e-03
4.230000000000000e+00	3.646079e-03
4.240000000000000e+00	3.655922e-03
4.250000000000000e+00	3.665765e-03
4.260000000000000e+00	3.675609e-03
4.270000000000000e+00	3.685453e-03
4.280000000000000e+00	3.695298e-03
4.290000000000000e+00	3.705143e-03
4.300000000000000e+00	3.714988e-03
4.310000000000000e+00	3.724834e-03
4.320000000000000e+00	3.734680e-03
4.330000000000000e+00	3.744527e-03
4.340000000000000e+00	3.754374e-03
4.350000000000001e+00	3.764221e-03
4.360000000000000e+00	3.774069e-03
4.370000000000000e+00	3.783917e-03
4.380000000000000e+00	3.793766e-03
4.390000000000000e+00	3.803615e-03
4.400000000000000e+00	3.813464e-03
4.410000000000000e+00	3.823314e-03
4.420000000000000e+00	3.833164e-03
4.430000000000000e+00	3.843014e-03
4.440000000000000e+00	3.852865e-03
4.450000000000000e+00	3.862716e-03
4.460000000000000e+00	3.872568e-03
4.470000000000000e+00	3.882420e-03
4.480000000000000e+00	3.892272e-03
4.490000000000000e+00	3.902125e-03
4.500000000000000e+00	3.911978e-03
4.510000000000000e+00	3.921831e-03
4.520000000000000e+00	3.931685e-03
4.530000000000000e+00	3.941539e-03
4.540000000000000e+00	3.951394e-03
4.550000000000000e+00	3.961249e-03
4.560000000000000e+00	3.971104e-03
4.570000000000000e+00	3.980959e-03
4.580000000000000e+00	3.990815e-03
4.590000000000000e+00	4.000672e-03
4.600000000000001e+00	4.010528e-03
4.610000000000000e+00	4.020385e-03
4.620000000000000e+00	4.030243e-03
4.630000000000000e+00	4.040100e-03
4.640000000000000e+00	4.049958e-03
4.650000000000000e+00	4.059816e-03
4.660000000000000e+00	4.069675e-03
4.670000000000000e+00	4.079534e-03
4.680000000000000e+00	4.089393e-03
4.690000000000000e+00	4.099253e-03
4.700000000000000e+00	4.109113e-03
4.710000000000000e+00	4.118973e-03
4.720000000000000e+00	4.128834e-03
4.730000000000000e+00	4.138695e-03
4.740000000000000e+00	4.148556e-03
4.750000000000000e+00	4.158418e-03
4.760000000000000e+00	4.168279e-03
4.770000000000000e+00	4.178142e-03
4.780000000000000e+00	4.188004e-03
4.790000000000000e+00	4.197867e-03
4.800000000000000e+00	4.207730e-03
4.810000000000000e+00	4.217594e-03
4.820000000000000e+00	4.227458e-03
4.830000000000000e+00	4.237322e-03
4.840000000000000e+00	4.247186e-03
4.850000000000001e+00	4.257051e-03
4.860000000000000e+00	4.266916e-03
4.870000000000000e+00	4.276781e-03
4.880000000000000e+00	4.286647e-03
4.890000000000000e+00	4.296513e-03
4.900000000000000e+00	4.306379e-03
4.910000000000000e+00	4.316246e-03
4.920000000000000e+00	4.326113e-03
4.930000000000000e+00	4.335980e-03
4.940000000000000e+00	4.345847e-03
4.950000000000000e+00	4.355715e-03
4.960000000000000e+00	4.365583e-03
4.970000000000000e+00	4.375451e-03
4.980000000000000e+00	4.385320e-03
4.990000000000000e+00	4.395189e-03
5.000000000000000e+00	4.405058e-03