V1	I(D1)
Step Information: Temp=20  (Step: 1/3)
0.000000000000000e+00	0.000000e+00
1.000000000000000e-02	1.338419e-10
2.000000000000000e-02	3.006023e-10
3.000000000000000e-02	5.083777e-10
4.000000000000000e-02	7.672558e-10
5.000000000000000e-02	1.089805e-09
6.000000000000000e-02	1.491686e-09
7.000000000000001e-02	1.992407e-09
8.000000000000000e-02	2.616276e-09
9.000000000000000e-02	3.393576e-09
1.000000000000000e-01	4.362034e-09
1.100000000000000e-01	5.568650e-09
1.200000000000000e-01	7.071974e-09
1.300000000000000e-01	8.944938e-09
1.400000000000000e-01	1.127839e-08
1.500000000000000e-01	1.418548e-08
1.600000000000000e-01	1.780712e-08
1.700000000000000e-01	2.231880e-08
1.800000000000000e-01	2.793898e-08
1.900000000000000e-01	3.493966e-08
2.000000000000000e-01	4.365932e-08
2.100000000000000e-01	5.451914e-08
2.200000000000000e-01	6.804297e-08
2.300000000000000e-01	8.488211e-08
2.400000000000000e-01	1.058459e-07
2.500000000000000e-01	1.319392e-07
2.600000000000000e-01	1.644091e-07
2.700000000000000e-01	2.048012e-07
2.800000000000000e-01	2.550288e-07
2.900000000000000e-01	3.174568e-07
3.000000000000000e-01	3.950024e-07
3.100000000000000e-01	4.912553e-07
3.200000000000000e-01	6.106198e-07
3.300000000000000e-01	7.584794e-07
3.400000000000000e-01	9.413845e-07
3.500000000000000e-01	1.167261e-06
3.600000000000000e-01	1.445632e-06
3.700000000000000e-01	1.787845e-06
3.800000000000000e-01	2.207285e-06
3.900000000000000e-01	2.719538e-06
4.000000000000000e-01	3.342492e-06
4.100000000000000e-01	4.096306e-06
4.200000000000000e-01	5.003218e-06
4.300000000000000e-01	6.087141e-06
4.400000000000000e-01	7.373034e-06
4.500000000000000e-01	8.886042e-06
4.600000000000000e-01	1.065045e-05
4.700000000000000e-01	1.268856e-05
4.800000000000000e-01	1.501959e-05
4.900000000000000e-01	1.765876e-05
5.000000000000000e-01	2.061664e-05
5.100000000000000e-01	2.389887e-05
5.200000000000000e-01	2.750623e-05
5.300000000000000e-01	3.143506e-05
5.400000000000000e-01	3.567785e-05
5.500000000000000e-01	4.022401e-05
5.600000000000001e-01	4.506065e-05
5.700000000000001e-01	5.017332e-05
5.800000000000000e-01	5.554668e-05
5.900000000000000e-01	6.116502e-05
6.000000000000000e-01	6.701272e-05
6.100000000000000e-01	7.307454e-05
6.200000000000000e-01	7.933583e-05
6.300000000000000e-01	8.578271e-05
6.400000000000000e-01	9.240214e-05
6.500000000000000e-01	9.918191e-05
6.600000000000000e-01	1.061107e-04
6.700000000000000e-01	1.131781e-04
6.800000000000000e-01	1.203744e-04
6.900000000000001e-01	1.276907e-04
7.000000000000001e-01	1.351189e-04
7.100000000000000e-01	1.426514e-04
7.200000000000000e-01	1.502814e-04
7.300000000000000e-01	1.580025e-04
7.400000000000000e-01	1.658088e-04
7.500000000000000e-01	1.736952e-04
7.600000000000000e-01	1.816566e-04
7.700000000000000e-01	1.896885e-04
7.800000000000000e-01	1.977867e-04
7.900000000000000e-01	2.059474e-04
8.000000000000000e-01	2.141671e-04
8.100000000000001e-01	2.224424e-04
8.200000000000001e-01	2.307703e-04
8.300000000000001e-01	2.391480e-04
8.400000000000000e-01	2.475728e-04
8.500000000000000e-01	2.560424e-04
8.600000000000000e-01	2.645545e-04
8.700000000000000e-01	2.731069e-04
8.800000000000000e-01	2.816977e-04
8.900000000000000e-01	2.903251e-04
9.000000000000000e-01	2.989874e-04
9.100000000000000e-01	3.076830e-04
9.200000000000000e-01	3.164103e-04
9.300000000000000e-01	3.251680e-04
9.400000000000001e-01	3.339547e-04
9.500000000000001e-01	3.427692e-04
9.600000000000000e-01	3.516103e-04
9.700000000000000e-01	3.604770e-04
9.800000000000000e-01	3.693682e-04
9.900000000000000e-01	3.782829e-04
1.000000000000000e+00	3.872202e-04
1.010000000000000e+00	3.961792e-04
1.020000000000000e+00	4.051592e-04
1.030000000000000e+00	4.141592e-04
1.040000000000000e+00	4.231787e-04
1.050000000000000e+00	4.322169e-04
1.060000000000000e+00	4.412730e-04
1.070000000000000e+00	4.503466e-04
1.080000000000000e+00	4.594370e-04
1.090000000000000e+00	4.685436e-04
1.100000000000000e+00	4.776659e-04
1.110000000000000e+00	4.868034e-04
1.120000000000000e+00	4.959555e-04
1.130000000000000e+00	5.051219e-04
1.140000000000000e+00	5.143020e-04
1.150000000000000e+00	5.234954e-04
1.160000000000000e+00	5.327018e-04
1.170000000000000e+00	5.419207e-04
1.180000000000000e+00	5.511518e-04
1.190000000000000e+00	5.603946e-04
1.200000000000000e+00	5.696489e-04
1.210000000000000e+00	5.789143e-04
1.220000000000000e+00	5.881906e-04
1.230000000000000e+00	5.974773e-04
1.240000000000000e+00	6.067743e-04
1.250000000000000e+00	6.160812e-04
1.260000000000000e+00	6.253978e-04
1.270000000000000e+00	6.347238e-04
1.280000000000000e+00	6.440590e-04
1.290000000000000e+00	6.534031e-04
1.300000000000000e+00	6.627559e-04
1.310000000000000e+00	6.721172e-04
1.320000000000000e+00	6.814867e-04
1.330000000000000e+00	6.908643e-04
1.340000000000000e+00	7.002498e-04
1.350000000000000e+00	7.096430e-04
1.360000000000000e+00	7.190437e-04
1.370000000000000e+00	7.284516e-04
1.380000000000000e+00	7.378667e-04
1.390000000000000e+00	7.472888e-04
1.400000000000000e+00	7.567178e-04
1.410000000000000e+00	7.661533e-04
1.420000000000000e+00	7.755954e-04
1.430000000000000e+00	7.850439e-04
1.440000000000000e+00	7.944986e-04
1.450000000000000e+00	8.039594e-04
1.460000000000000e+00	8.134261e-04
1.470000000000000e+00	8.228987e-04
1.480000000000000e+00	8.323770e-04
1.490000000000000e+00	8.418609e-04
1.500000000000000e+00	8.513503e-04
1.510000000000000e+00	8.608450e-04
1.520000000000000e+00	8.703450e-04
1.530000000000000e+00	8.798501e-04
1.540000000000000e+00	8.893603e-04
1.550000000000000e+00	8.988755e-04
1.560000000000000e+00	9.083955e-04
1.570000000000000e+00	9.179203e-04
1.580000000000000e+00	9.274497e-04
1.590000000000000e+00	9.369837e-04
1.600000000000000e+00	9.465222e-04
1.610000000000000e+00	9.560650e-04
1.620000000000000e+00	9.656122e-04
1.630000000000000e+00	9.751638e-04
1.640000000000000e+00	9.847194e-04
1.650000000000000e+00	9.942792e-04
1.660000000000000e+00	1.003843e-03
1.670000000000000e+00	1.013411e-03
1.680000000000000e+00	1.022982e-03
1.690000000000000e+00	1.032558e-03
1.700000000000000e+00	1.042137e-03
1.710000000000000e+00	1.051720e-03
1.720000000000000e+00	1.061306e-03
1.730000000000000e+00	1.070896e-03
1.740000000000000e+00	1.080489e-03
1.750000000000000e+00	1.090086e-03
1.760000000000000e+00	1.099687e-03
1.770000000000000e+00	1.109290e-03
1.780000000000000e+00	1.118897e-03
1.790000000000000e+00	1.128508e-03
1.800000000000000e+00	1.138121e-03
1.810000000000000e+00	1.147737e-03
1.820000000000000e+00	1.157357e-03
1.830000000000000e+00	1.166979e-03
1.840000000000000e+00	1.176605e-03
1.850000000000000e+00	1.186233e-03
1.860000000000000e+00	1.195865e-03
1.870000000000000e+00	1.205499e-03
1.880000000000000e+00	1.215136e-03
1.890000000000000e+00	1.224776e-03
1.900000000000000e+00	1.234418e-03
1.910000000000000e+00	1.244063e-03
1.920000000000000e+00	1.253711e-03
1.930000000000000e+00	1.263361e-03
1.940000000000000e+00	1.273014e-03
1.950000000000000e+00	1.282670e-03
1.960000000000000e+00	1.292328e-03
1.970000000000000e+00	1.301988e-03
1.980000000000000e+00	1.311651e-03
1.990000000000000e+00	1.321316e-03
2.000000000000000e+00	1.330984e-03
2.010000000000000e+00	1.340653e-03
2.020000000000000e+00	1.350326e-03
2.030000000000000e+00	1.360000e-03
2.040000000000000e+00	1.369677e-03
2.050000000000000e+00	1.379355e-03
2.060000000000000e+00	1.389037e-03
2.070000000000000e+00	1.398720e-03
2.080000000000000e+00	1.408405e-03
2.090000000000000e+00	1.418092e-03
2.100000000000000e+00	1.427782e-03
2.110000000000000e+00	1.437473e-03
2.120000000000000e+00	1.447166e-03
2.130000000000000e+00	1.456862e-03
2.140000000000000e+00	1.466559e-03
2.150000000000000e+00	1.476259e-03
2.160000000000000e+00	1.485960e-03
2.170000000000000e+00	1.495663e-03
2.180000000000000e+00	1.505368e-03
2.190000000000000e+00	1.515075e-03
2.200000000000000e+00	1.524783e-03
2.210000000000000e+00	1.534494e-03
2.220000000000000e+00	1.544206e-03
2.230000000000000e+00	1.553920e-03
2.240000000000000e+00	1.563635e-03
2.250000000000000e+00	1.573352e-03
2.260000000000000e+00	1.583071e-03
2.270000000000000e+00	1.592792e-03
2.280000000000000e+00	1.602514e-03
2.290000000000000e+00	1.612238e-03
2.300000000000000e+00	1.621964e-03
2.310000000000000e+00	1.631691e-03
2.320000000000000e+00	1.641420e-03
2.330000000000000e+00	1.651150e-03
2.340000000000000e+00	1.660882e-03
2.350000000000000e+00	1.670615e-03
2.360000000000000e+00	1.680350e-03
2.370000000000000e+00	1.690086e-03
2.380000000000000e+00	1.699824e-03
2.390000000000000e+00	1.709563e-03
2.400000000000000e+00	1.719304e-03
2.410000000000000e+00	1.729046e-03
2.420000000000000e+00	1.738790e-03
2.430000000000000e+00	1.748535e-03
2.440000000000000e+00	1.758281e-03
2.450000000000000e+00	1.768028e-03
2.460000000000000e+00	1.777777e-03
2.470000000000000e+00	1.787528e-03
2.480000000000000e+00	1.797279e-03
2.490000000000000e+00	1.807032e-03
2.500000000000000e+00	1.816787e-03
2.510000000000000e+00	1.826542e-03
2.520000000000000e+00	1.836299e-03
2.530000000000000e+00	1.846057e-03
2.540000000000000e+00	1.855816e-03
2.550000000000000e+00	1.865577e-03
2.560000000000000e+00	1.875338e-03
2.570000000000000e+00	1.885101e-03
2.580000000000000e+00	1.894865e-03
2.590000000000000e+00	1.904631e-03
2.600000000000000e+00	1.914397e-03
2.610000000000000e+00	1.924165e-03
2.620000000000000e+00	1.933934e-03
2.630000000000000e+00	1.943703e-03
2.640000000000000e+00	1.953474e-03
2.650000000000000e+00	1.963247e-03
2.660000000000000e+00	1.973020e-03
2.670000000000000e+00	1.982794e-03
2.680000000000000e+00	1.992570e-03
2.690000000000000e+00	2.002346e-03
2.700000000000000e+00	2.012124e-03
2.710000000000000e+00	2.021902e-03
2.720000000000000e+00	2.031682e-03
2.730000000000000e+00	2.041462e-03
2.740000000000000e+00	2.051244e-03
2.750000000000000e+00	2.061027e-03
2.760000000000000e+00	2.070810e-03
2.770000000000000e+00	2.080595e-03
2.780000000000000e+00	2.090381e-03
2.790000000000000e+00	2.100167e-03
2.800000000000000e+00	2.109955e-03
2.810000000000000e+00	2.119743e-03
2.820000000000000e+00	2.129533e-03
2.830000000000000e+00	2.139323e-03
2.840000000000000e+00	2.149115e-03
2.850000000000000e+00	2.158907e-03
2.860000000000000e+00	2.168700e-03
2.870000000000000e+00	2.178494e-03
2.880000000000000e+00	2.188290e-03
2.890000000000000e+00	2.198085e-03
2.900000000000000e+00	2.207882e-03
2.910000000000000e+00	2.217680e-03
2.920000000000000e+00	2.227478e-03
2.930000000000000e+00	2.237278e-03
2.940000000000000e+00	2.247078e-03
2.950000000000000e+00	2.256879e-03
2.960000000000000e+00	2.266681e-03
2.970000000000000e+00	2.276484e-03
2.980000000000000e+00	2.286288e-03
2.990000000000000e+00	2.296092e-03
3.000000000000000e+00	2.305897e-03
3.010000000000000e+00	2.315703e-03
3.020000000000000e+00	2.325510e-03
3.030000000000000e+00	2.335318e-03
3.040000000000000e+00	2.345126e-03
3.050000000000000e+00	2.354936e-03
3.060000000000000e+00	2.364746e-03
3.070000000000000e+00	2.374556e-03
3.080000000000000e+00	2.384368e-03
3.090000000000000e+00	2.394180e-03
3.100000000000000e+00	2.403993e-03
3.110000000000000e+00	2.413807e-03
3.120000000000000e+00	2.423621e-03
3.130000000000000e+00	2.433437e-03
3.140000000000000e+00	2.443253e-03
3.150000000000000e+00	2.453069e-03
3.160000000000000e+00	2.462887e-03
3.170000000000000e+00	2.472705e-03
3.180000000000000e+00	2.482524e-03
3.190000000000000e+00	2.492343e-03
3.200000000000000e+00	2.502163e-03
3.210000000000000e+00	2.511984e-03
3.220000000000000e+00	2.521806e-03
3.230000000000000e+00	2.531628e-03
3.240000000000000e+00	2.541451e-03
3.250000000000000e+00	2.551275e-03
3.260000000000000e+00	2.561099e-03
3.270000000000000e+00	2.570924e-03
3.280000000000000e+00	2.580749e-03
3.290000000000000e+00	2.590575e-03
3.300000000000000e+00	2.600402e-03
3.310000000000000e+00	2.610230e-03
3.320000000000000e+00	2.620058e-03
3.330000000000000e+00	2.629887e-03
3.340000000000000e+00	2.639716e-03
3.350000000000000e+00	2.649546e-03
3.360000000000000e+00	2.659377e-03
3.370000000000000e+00	2.669208e-03
3.380000000000000e+00	2.679040e-03
3.390000000000000e+00	2.688872e-03
3.400000000000000e+00	2.698705e-03
3.410000000000000e+00	2.708539e-03
3.420000000000000e+00	2.718373e-03
3.430000000000000e+00	2.728208e-03
3.440000000000000e+00	2.738043e-03
3.450000000000000e+00	2.747879e-03
3.460000000000000e+00	2.757716e-03
3.470000000000000e+00	2.767553e-03
3.480000000000000e+00	2.777391e-03
3.490000000000000e+00	2.787229e-03
3.500000000000000e+00	2.797068e-03
3.510000000000000e+00	2.806907e-03
3.520000000000000e+00	2.816747e-03
3.530000000000000e+00	2.826587e-03
3.540000000000000e+00	2.836428e-03
3.550000000000000e+00	2.846270e-03
3.560000000000000e+00	2.856112e-03
3.570000000000000e+00	2.865955e-03
3.580000000000000e+00	2.875798e-03
3.590000000000000e+00	2.885641e-03
3.600000000000000e+00	2.895485e-03
3.610000000000000e+00	2.905330e-03
3.620000000000000e+00	2.915175e-03
3.630000000000000e+00	2.925021e-03
3.640000000000000e+00	2.934867e-03
3.650000000000000e+00	2.944714e-03
3.660000000000000e+00	2.954561e-03
3.670000000000000e+00	2.964409e-03
3.680000000000000e+00	2.974257e-03
3.690000000000000e+00	2.984106e-03
3.700000000000000e+00	2.993955e-03
3.710000000000000e+00	3.003804e-03
3.720000000000000e+00	3.013655e-03
3.730000000000000e+00	3.023505e-03
3.740000000000000e+00	3.033357e-03
3.750000000000000e+00	3.043208e-03
3.760000000000000e+00	3.053060e-03
3.770000000000000e+00	3.062912e-03
3.780000000000000e+00	3.072765e-03
3.790000000000000e+00	3.082619e-03
3.800000000000000e+00	3.092473e-03
3.810000000000000e+00	3.102327e-03
3.820000000000000e+00	3.112182e-03
3.830000000000000e+00	3.122037e-03
3.840000000000000e+00	3.131893e-03
3.850000000000000e+00	3.141749e-03
3.860000000000000e+00	3.151606e-03
3.870000000000000e+00	3.161463e-03
3.880000000000000e+00	3.171320e-03
3.890000000000000e+00	3.181178e-03
3.900000000000000e+00	3.191036e-03
3.910000000000000e+00	3.200895e-03
3.920000000000000e+00	3.210754e-03
3.930000000000000e+00	3.220614e-03
3.940000000000000e+00	3.230474e-03
3.950000000000000e+00	3.240334e-03
3.960000000000000e+00	3.250195e-03
3.970000000000000e+00	3.260056e-03
3.980000000000000e+00	3.269918e-03
3.990000000000000e+00	3.279780e-03
4.000000000000000e+00	3.289643e-03
4.010000000000000e+00	3.299505e-03
4.020000000000000e+00	3.309369e-03
4.030000000000000e+00	3.319232e-03
4.040000000000000e+00	3.329097e-03
4.050000000000000e+00	3.338961e-03
4.060000000000000e+00	3.348826e-03
4.070000000000000e+00	3.358691e-03
4.080000000000000e+00	3.368557e-03
4.090000000000000e+00	3.378423e-03
4.100000000000000e+00	3.388289e-03
4.110000000000000e+00	3.398156e-03
4.120000000000000e+00	3.408023e-03
4.130000000000000e+00	3.417891e-03
4.140000000000000e+00	3.427759e-03
4.150000000000000e+00	3.437627e-03
4.160000000000000e+00	3.447496e-03
4.170000000000000e+00	3.457365e-03
4.180000000000000e+00	3.467234e-03
4.190000000000000e+00	3.477104e-03
4.200000000000000e+00	3.486974e-03
4.210000000000000e+00	3.496845e-03
4.220000000000000e+00	3.506715e-03
4.230000000000000e+00	3.516586e-03
4.240000000000000e+00	3.526458e-03
4.250000000000000e+00	3.536330e-03
4.260000000000000e+00	3.546202e-03
4.270000000000000e+00	3.556075e-03
4.280000000000000e+00	3.565948e-03
4.290000000000000e+00	3.575821e-03
4.300000000000000e+00	3.585695e-03
4.310000000000000e+00	3.595569e-03
4.320000000000000e+00	3.605443e-03
4.330000000000000e+00	3.615318e-03
4.340000000000000e+00	3.625192e-03
4.350000000000001e+00	3.635068e-03
4.360000000000000e+00	3.644943e-03
4.370000000000000e+00	3.654819e-03
4.380000000000000e+00	3.664696e-03
4.390000000000000e+00	3.674572e-03
4.400000000000000e+00	3.684449e-03
4.410000000000000e+00	3.694327e-03
4.420000000000000e+00	3.704204e-03
4.430000000000000e+00	3.714082e-03
4.440000000000000e+00	3.723960e-03
4.450000000000000e+00	3.733839e-03
4.460000000000000e+00	3.743718e-03
4.470000000000000e+00	3.753597e-03
4.480000000000000e+00	3.763476e-03
4.490000000000000e+00	3.773356e-03
4.500000000000000e+00	3.783236e-03
4.510000000000000e+00	3.793117e-03
4.520000000000000e+00	3.802998e-03
4.530000000000000e+00	3.812879e-03
4.540000000000000e+00	3.822760e-03
4.550000000000000e+00	3.832642e-03
4.560000000000000e+00	3.842523e-03
4.570000000000000e+00	3.852406e-03
4.580000000000000e+00	3.862288e-03
4.590000000000000e+00	3.872171e-03
4.600000000000001e+00	3.882054e-03
4.610000000000000e+00	3.891937e-03
4.620000000000000e+00	3.901821e-03
4.630000000000000e+00	3.911705e-03
4.640000000000000e+00	3.921589e-03
4.650000000000000e+00	3.931474e-03
4.660000000000000e+00	3.941359e-03
4.670000000000000e+00	3.951244e-03
4.680000000000000e+00	3.961129e-03
4.690000000000000e+00	3.971015e-03
4.700000000000000e+00	3.980901e-03
4.710000000000000e+00	3.990787e-03
4.720000000000000e+00	4.000674e-03
4.730000000000000e+00	4.010560e-03
4.740000000000000e+00	4.020447e-03
4.750000000000000e+00	4.030335e-03
4.760000000000000e+00	4.040222e-03
4.770000000000000e+00	4.050110e-03
4.780000000000000e+00	4.059998e-03
4.790000000000000e+00	4.069887e-03
4.800000000000000e+00	4.079775e-03
4.810000000000000e+00	4.089664e-03
4.820000000000000e+00	4.099553e-03
4.830000000000000e+00	4.109443e-03
4.840000000000000e+00	4.119333e-03
4.850000000000001e+00	4.129223e-03
4.860000000000000e+00	4.139113e-03
4.870000000000000e+00	4.149003e-03
4.880000000000000e+00	4.158894e-03
4.890000000000000e+00	4.168785e-03
4.900000000000000e+00	4.178676e-03
4.910000000000000e+00	4.188568e-03
4.920000000000000e+00	4.198459e-03
4.930000000000000e+00	4.208351e-03
4.940000000000000e+00	4.218244e-03
4.950000000000000e+00	4.228137e-03
4.960000000000000e+00	4.238029e-03
4.970000000000000e+00	4.247922e-03
4.980000000000000e+00	4.257815e-03
4.990000000000000e+00	4.267709e-03
5.000000000000000e+00	4.277602e-03
