V1	I(D1)
-1.200000000000000e+03	-1.998430e-01
-1.190000000000000e+03	-1.898453e-01
-1.180000000000000e+03	-1.798477e-01
-1.170000000000000e+03	-1.698502e-01
-1.160000000000000e+03	-1.598528e-01
-1.150000000000000e+03	-1.498554e-01
-1.140000000000000e+03	-1.398582e-01
-1.130000000000000e+03	-1.298611e-01
-1.120000000000000e+03	-1.198642e-01
-1.110000000000000e+03	-1.098675e-01
-1.100000000000000e+03	-9.987094e-02
-1.090000000000000e+03	-8.987466e-02
-1.080000000000000e+03	-7.987871e-02
-1.070000000000000e+03	-6.988317e-02
-1.060000000000000e+03	-5.988815e-02
-1.050000000000000e+03	-4.989387e-02
-1.040000000000000e+03	-3.990064e-02
-1.030000000000000e+03	-2.990906e-02
-1.020000000000000e+03	-1.992044e-02
-1.010000000000000e+03	-9.939585e-03
-1.000000000000000e+03	-6.910729e-05
-9.900000000000000e+02	-1.990657e-09
-9.800000000000000e+02	-1.980425e-09
-9.700000000000000e+02	-1.970193e-09
-9.600000000000000e+02	-1.961098e-09
-9.500000000000000e+02	-1.950866e-09
-9.400000000000000e+02	-1.940634e-09
-9.300000000000000e+02	-1.930403e-09
-9.200000000000000e+02	-1.920171e-09
-9.100000000000000e+02	-1.911076e-09
-9.000000000000000e+02	-1.900844e-09
-8.900000000000000e+02	-1.890612e-09
-8.800000000000000e+02	-1.880380e-09
-8.700000000000000e+02	-1.870148e-09
-8.600000000000000e+02	-1.861054e-09
-8.500000000000000e+02	-1.850822e-09
-8.400000000000000e+02	-1.840590e-09
-8.300000000000000e+02	-1.830358e-09
-8.200000000000000e+02	-1.821263e-09
-8.100000000000000e+02	-1.811031e-09
-8.000000000000000e+02	-1.800800e-09
-7.900000000000000e+02	-1.790568e-09
-7.800000000000000e+02	-1.780336e-09
-7.700000000000000e+02	-1.771241e-09
-7.600000000000000e+02	-1.761009e-09
-7.500000000000000e+02	-1.750777e-09
-7.400000000000000e+02	-1.740545e-09
-7.300000000000000e+02	-1.730314e-09
-7.200000000000000e+02	-1.721219e-09
-7.100000000000000e+02	-1.710987e-09
-7.000000000000000e+02	-1.700755e-09
-6.900000000000000e+02	-1.690523e-09
-6.800000000000000e+02	-1.680291e-09
-6.700000000000000e+02	-1.671197e-09
-6.600000000000000e+02	-1.660965e-09
-6.500000000000000e+02	-1.650733e-09
-6.400000000000000e+02	-1.640501e-09
-6.300000000000000e+02	-1.630269e-09
-6.200000000000000e+02	-1.621174e-09
-6.100000000000000e+02	-1.610942e-09
-6.000000000000000e+02	-1.600711e-09
-5.900000000000000e+02	-1.590479e-09
-5.800000000000000e+02	-1.580247e-09
-5.700000000000000e+02	-1.571152e-09
-5.600000000000000e+02	-1.560920e-09
-5.500000000000000e+02	-1.550688e-09
-5.400000000000000e+02	-1.540457e-09
-5.300000000000000e+02	-1.530225e-09
-5.200000000000000e+02	-1.521130e-09
-5.100000000000000e+02	-1.509761e-09
-5.000000000000000e+02	-1.500098e-09
-4.900000000000000e+02	-1.489866e-09
-4.800000000000000e+02	-1.480203e-09
-4.700000000000000e+02	-1.469971e-09
-4.600000000000000e+02	-1.459739e-09
-4.500000000000000e+02	-1.450076e-09
-4.400000000000000e+02	-1.439844e-09
-4.300000000000000e+02	-1.430180e-09
-4.200000000000000e+02	-1.419949e-09
-4.100000000000000e+02	-1.410285e-09
-4.000000000000000e+02	-1.400053e-09
-3.900000000000000e+02	-1.389822e-09
-3.800000000000000e+02	-1.380158e-09
-3.700000000000000e+02	-1.369926e-09
-3.600000000000000e+02	-1.360263e-09
-3.500000000000000e+02	-1.350031e-09
-3.400000000000000e+02	-1.339799e-09
-3.300000000000000e+02	-1.330136e-09
-3.200000000000000e+02	-1.319904e-09
-3.100000000000000e+02	-1.310241e-09
-3.000000000000000e+02	-1.300009e-09
-2.900000000000000e+02	-1.289777e-09
-2.800000000000000e+02	-1.280114e-09
-2.700000000000000e+02	-1.269882e-09
-2.600000000000000e+02	-1.260219e-09
-2.500000000000000e+02	-1.249987e-09
-2.400000000000000e+02	-1.240039e-09
-2.300000000000000e+02	-1.229807e-09
-2.200000000000000e+02	-1.219860e-09
-2.100000000000000e+02	-1.209912e-09
-2.000000000000000e+02	-1.199965e-09
-1.900000000000000e+02	-1.190017e-09
-1.800000000000000e+02	-1.180069e-09
-1.700000000000000e+02	-1.169838e-09
-1.600000000000000e+02	-1.159890e-09
-1.500000000000000e+02	-1.149942e-09
-1.400000000000000e+02	-1.139995e-09
-1.300000000000000e+02	-1.130047e-09
-1.200000000000000e+02	-1.120100e-09
-1.100000000000000e+02	-1.110010e-09
-1.000000000000000e+02	-1.100062e-09
-9.000000000000000e+01	-1.090115e-09
-8.000000000000000e+01	-1.080025e-09
-7.000000000000000e+01	-1.070077e-09
-6.000000000000000e+01	-1.060059e-09
-5.000000000000000e+01	-1.050040e-09
-4.000000000000000e+01	-1.040021e-09
-3.000000000000000e+01	-1.030003e-09
-2.000000000000000e+01	-1.019984e-09
-1.000000000000000e+01	-1.010001e-09
0.000000000000000e+00	0.000000e+00
1.000000000000000e+01	9.252236e-03
