V1	I(D1)

-3.000000000000000e+00	-5.663967e-07
-2.990000000000000e+00	-5.663967e-07
-2.980000000000000e+00	-5.663967e-07
-2.970000000000000e+00	-5.663967e-07
-2.960000000000000e+00	-5.663967e-07
-2.950000000000000e+00	-5.663967e-07
-2.940000000000000e+00	-5.663967e-07
-2.930000000000000e+00	-5.663967e-07
-2.920000000000000e+00	-5.663967e-07
-2.910000000000000e+00	-5.663967e-07
-2.900000000000000e+00	-5.663967e-07
-2.890000000000000e+00	-5.663966e-07
-2.880000000000000e+00	-5.663966e-07
-2.870000000000000e+00	-5.663966e-07
-2.860000000000000e+00	-5.663966e-07
-2.850000000000000e+00	-5.663966e-07
-2.840000000000000e+00	-5.663966e-07
-2.830000000000000e+00	-5.663966e-07
-2.820000000000000e+00	-5.663966e-07
-2.810000000000000e+00	-5.663966e-07
-2.800000000000000e+00	-5.663966e-07
-2.790000000000000e+00	-5.663966e-07
-2.780000000000000e+00	-5.663966e-07
-2.770000000000000e+00	-5.663965e-07
-2.760000000000000e+00	-5.663965e-07
-2.750000000000000e+00	-5.663965e-07
-2.740000000000000e+00	-5.663965e-07
-2.730000000000000e+00	-5.663965e-07
-2.720000000000000e+00	-5.663965e-07
-2.710000000000000e+00	-5.663965e-07
-2.700000000000000e+00	-5.663965e-07
-2.690000000000000e+00	-5.663965e-07
-2.680000000000000e+00	-5.663965e-07
-2.670000000000000e+00	-5.663965e-07
-2.660000000000000e+00	-5.663964e-07
-2.650000000000000e+00	-5.663964e-07
-2.640000000000000e+00	-5.663964e-07
-2.630000000000000e+00	-5.663964e-07
-2.620000000000000e+00	-5.663964e-07
-2.610000000000000e+00	-5.663964e-07
-2.600000000000000e+00	-5.663964e-07
-2.590000000000000e+00	-5.663964e-07
-2.580000000000000e+00	-5.663964e-07
-2.570000000000000e+00	-5.663964e-07
-2.560000000000000e+00	-5.663964e-07
-2.550000000000000e+00	-5.663963e-07
-2.540000000000000e+00	-5.663963e-07
-2.530000000000000e+00	-5.663963e-07
-2.520000000000000e+00	-5.663963e-07
-2.510000000000000e+00	-5.663963e-07
-2.500000000000000e+00	-5.663963e-07
-2.490000000000000e+00	-5.663962e-07
-2.480000000000000e+00	-5.663962e-07
-2.470000000000000e+00	-5.663962e-07
-2.460000000000000e+00	-5.663962e-07
-2.450000000000000e+00	-5.663962e-07
-2.440000000000000e+00	-5.663962e-07
-2.430000000000000e+00	-5.663962e-07
-2.420000000000000e+00	-5.663962e-07
-2.410000000000000e+00	-5.663962e-07
-2.400000000000000e+00	-5.663962e-07
-2.390000000000000e+00	-5.663962e-07
-2.380000000000000e+00	-5.663961e-07
-2.370000000000000e+00	-5.663961e-07
-2.360000000000000e+00	-5.663961e-07
-2.350000000000000e+00	-5.663961e-07
-2.340000000000000e+00	-5.663961e-07
-2.330000000000000e+00	-5.663961e-07
-2.320000000000000e+00	-5.663961e-07
-2.310000000000000e+00	-5.663961e-07
-2.300000000000000e+00	-5.663961e-07
-2.290000000000000e+00	-5.663961e-07
-2.280000000000000e+00	-5.663961e-07
-2.270000000000000e+00	-5.663961e-07
-2.260000000000000e+00	-5.663960e-07
-2.250000000000000e+00	-5.663960e-07
-2.240000000000000e+00	-5.663960e-07
-2.230000000000000e+00	-5.663960e-07
-2.220000000000000e+00	-5.663960e-07
-2.210000000000000e+00	-5.663960e-07
-2.200000000000000e+00	-5.663960e-07
-2.190000000000000e+00	-5.663960e-07
-2.180000000000000e+00	-5.663960e-07
-2.170000000000000e+00	-5.663960e-07
-2.160000000000000e+00	-5.663960e-07
-2.150000000000000e+00	-5.663959e-07
-2.140000000000000e+00	-5.663959e-07
-2.130000000000000e+00	-5.663959e-07
-2.120000000000000e+00	-5.663959e-07
-2.110000000000000e+00	-5.663959e-07
-2.100000000000000e+00	-5.663959e-07
-2.090000000000000e+00	-5.663958e-07
-2.080000000000000e+00	-5.663958e-07
-2.070000000000000e+00	-5.663958e-07
-2.060000000000000e+00	-5.663958e-07
-2.050000000000000e+00	-5.663958e-07
-2.040000000000000e+00	-5.663958e-07
-2.030000000000000e+00	-5.663958e-07
-2.020000000000000e+00	-5.663958e-07
-2.010000000000000e+00	-5.663958e-07
-2.000000000000000e+00	-5.663958e-07
-1.990000000000000e+00	-5.663958e-07
-1.980000000000000e+00	-5.663957e-07
-1.970000000000000e+00	-5.663957e-07
-1.960000000000000e+00	-5.663957e-07
-1.950000000000000e+00	-5.663957e-07
-1.940000000000000e+00	-5.663957e-07
-1.930000000000000e+00	-5.663957e-07
-1.920000000000000e+00	-5.663957e-07
-1.910000000000000e+00	-5.663957e-07
-1.900000000000000e+00	-5.663957e-07
-1.890000000000000e+00	-5.663957e-07
-1.880000000000000e+00	-5.663957e-07
-1.870000000000000e+00	-5.663957e-07
-1.860000000000000e+00	-5.663956e-07
-1.850000000000000e+00	-5.663956e-07
-1.840000000000000e+00	-5.663956e-07
-1.830000000000000e+00	-5.663956e-07
-1.820000000000000e+00	-5.663956e-07
-1.810000000000000e+00	-5.663956e-07
-1.800000000000000e+00	-5.663956e-07
-1.790000000000000e+00	-5.663956e-07
-1.780000000000000e+00	-5.663956e-07
-1.770000000000000e+00	-5.663956e-07
-1.760000000000000e+00	-5.663956e-07
-1.750000000000000e+00	-5.663955e-07
-1.740000000000000e+00	-5.663955e-07
-1.730000000000000e+00	-5.663955e-07
-1.720000000000000e+00	-5.663955e-07
-1.710000000000000e+00	-5.663955e-07
-1.700000000000000e+00	-5.663955e-07
-1.690000000000000e+00	-5.663954e-07
-1.680000000000000e+00	-5.663954e-07
-1.670000000000000e+00	-5.663954e-07
-1.660000000000000e+00	-5.663954e-07
-1.650000000000000e+00	-5.663954e-07
-1.640000000000000e+00	-5.663954e-07
-1.630000000000000e+00	-5.663954e-07
-1.620000000000000e+00	-5.663954e-07
-1.610000000000000e+00	-5.663954e-07
-1.600000000000000e+00	-5.663954e-07
-1.590000000000000e+00	-5.663954e-07
-1.580000000000000e+00	-5.663953e-07
-1.570000000000000e+00	-5.663953e-07
-1.560000000000000e+00	-5.663953e-07
-1.550000000000000e+00	-5.663953e-07
-1.540000000000000e+00	-5.663953e-07
-1.530000000000000e+00	-5.663953e-07
-1.520000000000000e+00	-5.663953e-07
-1.510000000000000e+00	-5.663953e-07
-1.500000000000000e+00	-5.663953e-07
-1.490000000000000e+00	-5.663953e-07
-1.480000000000000e+00	-5.663953e-07
-1.470000000000000e+00	-5.663953e-07
-1.460000000000000e+00	-5.663952e-07
-1.450000000000000e+00	-5.663952e-07
-1.440000000000000e+00	-5.663952e-07
-1.430000000000000e+00	-5.663952e-07
-1.420000000000000e+00	-5.663952e-07
-1.410000000000000e+00	-5.663952e-07
-1.400000000000000e+00	-5.663952e-07
-1.390000000000000e+00	-5.663952e-07
-1.380000000000000e+00	-5.663952e-07
-1.370000000000000e+00	-5.663952e-07
-1.360000000000000e+00	-5.663952e-07
-1.350000000000000e+00	-5.663951e-07
-1.340000000000000e+00	-5.663951e-07
-1.330000000000000e+00	-5.663951e-07
-1.320000000000000e+00	-5.663951e-07
-1.310000000000000e+00	-5.663951e-07
-1.300000000000000e+00	-5.663951e-07
-1.290000000000000e+00	-5.663950e-07
-1.280000000000000e+00	-5.663950e-07
-1.270000000000000e+00	-5.663950e-07
-1.260000000000000e+00	-5.663950e-07
-1.250000000000000e+00	-5.663950e-07
-1.240000000000000e+00	-5.663950e-07
-1.230000000000000e+00	-5.663950e-07
-1.220000000000000e+00	-5.663950e-07
-1.210000000000000e+00	-5.663950e-07
-1.200000000000000e+00	-5.663950e-07
-1.190000000000000e+00	-5.663950e-07
-1.180000000000000e+00	-5.663949e-07
-1.170000000000000e+00	-5.663949e-07
-1.160000000000000e+00	-5.663949e-07
-1.150000000000000e+00	-5.663949e-07
-1.140000000000000e+00	-5.663949e-07
-1.130000000000000e+00	-5.663949e-07
-1.120000000000000e+00	-5.663949e-07
-1.110000000000000e+00	-5.663949e-07
-1.100000000000000e+00	-5.663949e-07
-1.090000000000000e+00	-5.663949e-07
-1.080000000000000e+00	-5.663948e-07
-1.070000000000000e+00	-5.663948e-07
-1.060000000000000e+00	-5.663948e-07
-1.050000000000000e+00	-5.663948e-07
-1.040000000000000e+00	-5.663948e-07
-1.030000000000000e+00	-5.663948e-07
-1.020000000000000e+00	-5.663948e-07
-1.010000000000000e+00	-5.663948e-07
-1.000000000000000e+00	-5.663947e-07
-9.899999999999998e-01	-5.663947e-07
-9.800000000000000e-01	-5.663947e-07
-9.699999999999998e-01	-5.663946e-07
-9.600000000000000e-01	-5.663946e-07
-9.500000000000002e-01	-5.663946e-07
-9.399999999999999e-01	-5.663946e-07
-9.300000000000002e-01	-5.663945e-07
-9.199999999999999e-01	-5.663945e-07
-9.100000000000001e-01	-5.663945e-07
-8.999999999999999e-01	-5.663944e-07
-8.900000000000001e-01	-5.663944e-07
-8.799999999999999e-01	-5.663943e-07
-8.700000000000001e-01	-5.663942e-07
-8.599999999999999e-01	-5.663941e-07
-8.500000000000001e-01	-5.663940e-07
-8.399999999999999e-01	-5.663939e-07
-8.300000000000001e-01	-5.663938e-07
-8.199999999999998e-01	-5.663936e-07
-8.100000000000001e-01	-5.663935e-07
-7.999999999999998e-01	-5.663932e-07
-7.900000000000000e-01	-5.663930e-07
-7.799999999999998e-01	-5.663927e-07
-7.700000000000000e-01	-5.663923e-07
-7.599999999999998e-01	-5.663919e-07
-7.500000000000000e-01	-5.663915e-07
-7.399999999999998e-01	-5.663910e-07
-7.300000000000000e-01	-5.663903e-07
-7.199999999999998e-01	-5.663895e-07
-7.100000000000000e-01	-5.663887e-07
-6.999999999999997e-01	-5.663877e-07
-6.899999999999999e-01	-5.663864e-07
-6.800000000000002e-01	-5.663850e-07
-6.699999999999999e-01	-5.663833e-07
-6.600000000000001e-01	-5.663814e-07
-6.499999999999999e-01	-5.663791e-07
-6.400000000000001e-01	-5.663763e-07
-6.299999999999999e-01	-5.663732e-07
-6.200000000000001e-01	-5.663695e-07
-6.099999999999999e-01	-5.663650e-07
-6.000000000000001e-01	-5.663599e-07
-5.899999999999999e-01	-5.663538e-07
-5.800000000000001e-01	-5.663467e-07
-5.699999999999998e-01	-5.663383e-07
-5.600000000000001e-01	-5.663284e-07
-5.499999999999998e-01	-5.663168e-07
-5.400000000000000e-01	-5.663032e-07
-5.299999999999998e-01	-5.662872e-07
-5.200000000000000e-01	-5.662683e-07
-5.099999999999998e-01	-5.662462e-07
-5.000000000000000e-01	-5.662201e-07
-4.899999999999998e-01	-5.661894e-07
-4.800000000000000e-01	-5.661535e-07
-4.699999999999998e-01	-5.661111e-07
-4.600000000000000e-01	-5.660614e-07
-4.499999999999997e-01	-5.660028e-07
-4.399999999999999e-01	-5.659340e-07
-4.300000000000002e-01	-5.658532e-07
-4.199999999999999e-01	-5.657580e-07
-4.100000000000001e-01	-5.656462e-07
-3.999999999999999e-01	-5.655147e-07
-3.900000000000001e-01	-5.653602e-07
-3.799999999999999e-01	-5.651784e-07
-3.700000000000001e-01	-5.649647e-07
-3.599999999999999e-01	-5.647134e-07
-3.500000000000001e-01	-5.644180e-07
-3.399999999999999e-01	-5.640707e-07
-3.300000000000001e-01	-5.636623e-07
-3.199999999999998e-01	-5.631821e-07
-3.100000000000001e-01	-5.626176e-07
-2.999999999999998e-01	-5.619538e-07
-2.900000000000000e-01	-5.611734e-07
-2.799999999999998e-01	-5.602558e-07
-2.700000000000000e-01	-5.591771e-07
-2.599999999999998e-01	-5.579087e-07
-2.500000000000000e-01	-5.564175e-07
-2.399999999999998e-01	-5.546643e-07
-2.300000000000000e-01	-5.526030e-07
-2.199999999999998e-01	-5.501795e-07
-2.100000000000000e-01	-5.473304e-07
-1.999999999999997e-01	-5.439808e-07
-1.899999999999999e-01	-5.400429e-07
-1.800000000000002e-01	-5.354136e-07
-1.699999999999999e-01	-5.299714e-07
-1.600000000000001e-01	-5.235739e-07
-1.499999999999999e-01	-5.160535e-07
-1.400000000000001e-01	-5.072137e-07
-1.299999999999999e-01	-4.968234e-07
-1.200000000000001e-01	-4.846112e-07
-1.099999999999999e-01	-4.702586e-07
-1.000000000000001e-01	-4.533918e-07
-8.999999999999986e-02	-4.335722e-07
-8.000000000000007e-02	-4.102851e-07
-6.999999999999984e-02	-3.829273e-07
-6.000000000000005e-02	-3.507917e-07
-4.999999999999982e-02	-3.130504e-07
-4.000000000000004e-02	-2.687341e-07
-2.999999999999980e-02	-2.167094e-07
-2.000000000000002e-02	-1.556519e-07
-9.999999999999787e-03	-8.401604e-08
0.000000000000000e+00	0.000000e+00
1.000000000000023e-02	9.849325e-08
2.000000000000002e-02	2.139003e-07
3.000000000000025e-02	3.490463e-07
4.000000000000004e-02	5.071993e-07
5.000000000000027e-02	6.921293e-07
6.000000000000005e-02	9.081710e-07
7.000000000000028e-02	1.160290e-06
8.000000000000007e-02	1.454150e-06
8.999999999999986e-02	1.796177e-06
1.000000000000001e-01	2.193622e-06
1.099999999999999e-01	2.654612e-06
1.200000000000001e-01	3.188183e-06
1.299999999999999e-01	3.804296e-06
1.400000000000001e-01	4.513819e-06
1.499999999999999e-01	5.328479e-06
1.600000000000001e-01	6.260760e-06
1.699999999999999e-01	7.323762e-06
1.800000000000002e-01	8.531001e-06
1.899999999999999e-01	9.896164e-06
2.000000000000002e-01	1.143281e-05
2.100000000000000e-01	1.315407e-05
2.200000000000002e-01	1.507229e-05
2.300000000000000e-01	1.719868e-05
2.400000000000002e-01	1.954309e-05
2.500000000000000e-01	2.211367e-05
2.600000000000002e-01	2.491672e-05
2.700000000000000e-01	2.795661e-05
2.800000000000002e-01	3.123570e-05
2.900000000000000e-01	3.475443e-05
3.000000000000003e-01	3.851143e-05
3.100000000000001e-01	4.250366e-05
3.200000000000003e-01	4.672668e-05
3.300000000000001e-01	5.117481e-05
3.399999999999999e-01	5.584139e-05
3.500000000000001e-01	6.071904e-05
3.599999999999999e-01	6.579981e-05
3.700000000000001e-01	7.107540e-05
3.799999999999999e-01	7.653734e-05
3.900000000000001e-01	8.217709e-05
3.999999999999999e-01	8.798618e-05
4.100000000000001e-01	9.395630e-05
4.199999999999999e-01	1.000794e-04
4.300000000000002e-01	1.063475e-04
4.399999999999999e-01	1.127533e-04
4.500000000000002e-01	1.192894e-04
4.600000000000000e-01	1.259492e-04
4.700000000000002e-01	1.327260e-04
4.800000000000000e-01	1.396138e-04
4.900000000000002e-01	1.466067e-04
5.000000000000000e-01	1.536992e-04
5.100000000000002e-01	1.608863e-04
5.200000000000000e-01	1.681630e-04
5.300000000000002e-01	1.755249e-04
5.400000000000000e-01	1.829675e-04
5.500000000000003e-01	1.904870e-04
5.600000000000001e-01	1.980795e-04
5.700000000000003e-01	2.057414e-04
5.800000000000001e-01	2.134695e-04
5.899999999999999e-01	2.212607e-04
6.000000000000001e-01	2.291119e-04
6.099999999999999e-01	2.370204e-04
6.200000000000001e-01	2.449836e-04
6.299999999999999e-01	2.529990e-04
6.400000000000001e-01	2.610644e-04
6.499999999999999e-01	2.691776e-04
6.600000000000001e-01	2.773365e-04
6.699999999999999e-01	2.855392e-04
6.800000000000002e-01	2.937838e-04
6.899999999999999e-01	3.020687e-04
7.000000000000002e-01	3.103923e-04
7.100000000000000e-01	3.187529e-04
7.200000000000002e-01	3.271492e-04
7.300000000000000e-01	3.355797e-04
7.400000000000002e-01	3.440432e-04
7.500000000000000e-01	3.525384e-04
7.600000000000002e-01	3.610641e-04
7.700000000000000e-01	3.696192e-04
7.800000000000002e-01	3.782027e-04
7.900000000000000e-01	3.868136e-04
8.000000000000003e-01	3.954509e-04
8.100000000000001e-01	4.041136e-04
8.200000000000003e-01	4.128010e-04
8.300000000000001e-01	4.215122e-04
8.399999999999999e-01	4.302464e-04
8.500000000000001e-01	4.390028e-04
8.599999999999999e-01	4.477809e-04
8.700000000000001e-01	4.565797e-04
8.799999999999999e-01	4.653988e-04
8.900000000000001e-01	4.742374e-04
8.999999999999999e-01	4.830950e-04
9.100000000000001e-01	4.919710e-04
9.199999999999999e-01	5.008649e-04
9.300000000000002e-01	5.097761e-04
9.399999999999999e-01	5.187042e-04
9.500000000000002e-01	5.276485e-04
9.600000000000000e-01	5.366089e-04
9.700000000000002e-01	5.455845e-04
9.800000000000000e-01	5.545753e-04
9.900000000000002e-01	5.635806e-04
1.000000000000000e+00	5.726001e-04
