V1	I(D1)
-1.200000000000000e+03	-1.104133e+00
-1.190000000000000e+03	-1.094610e+00
-1.180000000000000e+03	-1.085087e+00
-1.170000000000000e+03	-1.075564e+00
-1.160000000000000e+03	-1.066041e+00
-1.150000000000000e+03	-1.056518e+00
-1.140000000000000e+03	-1.046995e+00
-1.130000000000000e+03	-1.037472e+00
-1.120000000000000e+03	-1.027949e+00
-1.110000000000000e+03	-1.018426e+00
-1.100000000000000e+03	-1.008903e+00
-1.090000000000000e+03	-9.993796e-01
-1.080000000000000e+03	-9.898565e-01
-1.070000000000000e+03	-9.803334e-01
-1.060000000000000e+03	-9.708104e-01
-1.050000000000000e+03	-9.612874e-01
-1.040000000000000e+03	-9.517643e-01
-1.030000000000000e+03	-9.422413e-01
-1.020000000000000e+03	-9.327182e-01
-1.010000000000000e+03	-9.231951e-01
-1.000000000000000e+03	-9.136721e-01
-9.900000000000000e+02	-9.041491e-01
-9.800000000000000e+02	-8.946260e-01
-9.700000000000000e+02	-8.851030e-01
-9.600000000000000e+02	-8.755800e-01
-9.500000000000000e+02	-8.660569e-01
-9.400000000000000e+02	-8.565339e-01
-9.300000000000000e+02	-8.470109e-01
-9.200000000000000e+02	-8.374878e-01
-9.100000000000000e+02	-8.279648e-01
-9.000000000000000e+02	-8.184418e-01
-8.900000000000000e+02	-8.089188e-01
-8.800000000000000e+02	-7.993957e-01
-8.700000000000000e+02	-7.898728e-01
-8.600000000000000e+02	-7.803497e-01
-8.500000000000000e+02	-7.708268e-01
-8.400000000000000e+02	-7.613037e-01
-8.300000000000000e+02	-7.517807e-01
-8.200000000000000e+02	-7.422578e-01
-8.100000000000000e+02	-7.327348e-01
-8.000000000000000e+02	-7.232118e-01
-7.900000000000000e+02	-7.136889e-01
-7.800000000000000e+02	-7.041659e-01
-7.700000000000000e+02	-6.946429e-01
-7.600000000000000e+02	-6.851199e-01
-7.500000000000000e+02	-6.755970e-01
-7.400000000000000e+02	-6.660740e-01
-7.300000000000000e+02	-6.565511e-01
-7.200000000000000e+02	-6.470281e-01
-7.100000000000000e+02	-6.375052e-01
-7.000000000000000e+02	-6.279823e-01
-6.900000000000000e+02	-6.184593e-01
-6.800000000000000e+02	-6.089364e-01
-6.700000000000000e+02	-5.994135e-01
-6.600000000000000e+02	-5.898906e-01
-6.500000000000000e+02	-5.803677e-01
-6.400000000000000e+02	-5.708448e-01
-6.300000000000000e+02	-5.613219e-01
-6.200000000000000e+02	-5.517990e-01
-6.100000000000000e+02	-5.422761e-01
-6.000000000000000e+02	-5.327533e-01
-5.900000000000000e+02	-5.232304e-01
-5.800000000000000e+02	-5.137076e-01
-5.700000000000000e+02	-5.041847e-01
-5.600000000000000e+02	-4.946619e-01
-5.500000000000000e+02	-4.851391e-01
-5.400000000000000e+02	-4.756162e-01
-5.300000000000000e+02	-4.660935e-01
-5.200000000000000e+02	-4.565707e-01
-5.100000000000000e+02	-4.470479e-01
-5.000000000000000e+02	-4.375251e-01
-4.900000000000000e+02	-4.280024e-01
-4.800000000000000e+02	-4.184796e-01
-4.700000000000000e+02	-4.089569e-01
-4.600000000000000e+02	-3.994341e-01
-4.500000000000000e+02	-3.899114e-01
-4.400000000000000e+02	-3.803887e-01
-4.300000000000000e+02	-3.708661e-01
-4.200000000000000e+02	-3.613434e-01
-4.100000000000000e+02	-3.518208e-01
-4.000000000000000e+02	-3.422981e-01
-3.900000000000000e+02	-3.327755e-01
-3.800000000000000e+02	-3.232529e-01
-3.700000000000000e+02	-3.137304e-01
-3.600000000000000e+02	-3.042078e-01
-3.500000000000000e+02	-2.946853e-01
-3.400000000000000e+02	-2.851628e-01
-3.300000000000000e+02	-2.756403e-01
-3.200000000000000e+02	-2.661179e-01
-3.100000000000000e+02	-2.565955e-01
-3.000000000000000e+02	-2.470731e-01
-2.900000000000000e+02	-2.375508e-01
-2.800000000000000e+02	-2.280285e-01
-2.700000000000000e+02	-2.185062e-01
-2.600000000000000e+02	-2.089840e-01
-2.500000000000000e+02	-1.994619e-01
-2.400000000000000e+02	-1.899398e-01
-2.300000000000000e+02	-1.804178e-01
-2.200000000000000e+02	-1.708958e-01
-2.100000000000000e+02	-1.613739e-01
-2.000000000000000e+02	-1.518521e-01
-1.900000000000000e+02	-1.423304e-01
-1.800000000000000e+02	-1.328088e-01
-1.700000000000000e+02	-1.232873e-01
-1.600000000000000e+02	-1.137660e-01
-1.500000000000000e+02	-1.042449e-01
-1.400000000000000e+02	-9.472390e-02
-1.300000000000000e+02	-8.520321e-02
-1.200000000000000e+02	-7.568283e-02
-1.100000000000000e+02	-6.616283e-02
-1.000000000000000e+02	-5.664336e-02
-9.000000000000000e+01	-4.712458e-02
-8.000000000000000e+01	-3.760682e-02
-7.000000000000000e+01	-2.809067e-02
-6.000000000000000e+01	-1.857743e-02
-5.000000000000000e+01	-9.071943e-03
-4.000000000000000e+01	-1.377858e-06
-3.000000000000000e+01	-1.377760e-06
-2.000000000000000e+01	-1.377750e-06
-1.000000000000000e+01	-1.377740e-06
0.000000000000000e+00	0.000000e+00
1.000000000000000e+01	9.090017e-03
