V1	I(D1)

-2.000000000000000e+00	-4.139718e-04
-1.900000000000000e+00	-4.139718e-04
-1.800000000000000e+00	-4.139718e-04
-1.700000000000000e+00	-4.139718e-04
-1.600000000000000e+00	-4.139718e-04
-1.500000000000000e+00	-4.139717e-04
-1.400000000000000e+00	-4.139715e-04
-1.300000000000000e+00	-4.139704e-04
-1.200000000000000e+00	-4.139658e-04
-1.100000000000000e+00	-4.139463e-04
-1.000000000000000e+00	-4.138625e-04
-8.999999999999999e-01	-4.135052e-04
-7.999999999999998e-01	-4.120135e-04
-7.000000000000000e-01	-4.062840e-04
-5.999999999999999e-01	-3.886934e-04
-5.000000000000000e-01	-3.520367e-04
-3.999999999999999e-01	-2.978697e-04
-2.999999999999998e-01	-2.319929e-04
-2.000000000000000e-01	-1.588375e-04
-9.999999999999987e-02	-8.100344e-05
0.000000000000000e+00	0.000000e+00
1.000000000000001e-01	8.325761e-05
2.000000000000002e-01	1.681667e-04
3.000000000000003e-01	2.543824e-04
4.000000000000004e-01	3.416050e-04
5.000000000000000e-01	4.296387e-04
6.000000000000001e-01	5.183400e-04
7.000000000000002e-01	6.075993e-04
8.000000000000003e-01	6.973312e-04
9.000000000000004e-01	7.874682e-04
1.000000000000000e+00	8.779563e-04
1.100000000000000e+00	9.687511e-04
1.200000000000000e+00	1.059816e-03
1.300000000000000e+00	1.151121e-03
1.400000000000000e+00	1.242641e-03
1.500000000000000e+00	1.334353e-03
1.600000000000000e+00	1.426238e-03
1.700000000000000e+00	1.518282e-03
1.800000000000000e+00	1.610469e-03
1.900000000000000e+00	1.702788e-03
2.000000000000000e+00	1.795228e-03
2.100000000000001e+00	1.887779e-03
2.200000000000000e+00	1.980433e-03
2.300000000000000e+00	2.073183e-03
2.400000000000000e+00	2.166021e-03
2.500000000000000e+00	2.258942e-03
2.600000000000001e+00	2.351940e-03
2.700000000000000e+00	2.445010e-03
2.800000000000001e+00	2.538148e-03
2.900000000000000e+00	2.631350e-03
3.000000000000000e+00	2.724612e-03
3.100000000000001e+00	2.817930e-03
3.200000000000000e+00	2.911302e-03
3.300000000000001e+00	3.004724e-03
3.400000000000000e+00	3.098195e-03
3.500000000000000e+00	3.191710e-03
3.600000000000001e+00	3.285269e-03
3.700000000000000e+00	3.378870e-03
3.800000000000001e+00	3.472509e-03
3.900000000000000e+00	3.566185e-03
4.000000000000000e+00	3.659898e-03
4.100000000000001e+00	3.753644e-03
4.200000000000000e+00	3.847423e-03
4.300000000000001e+00	3.941233e-03
4.400000000000000e+00	4.035073e-03
4.500000000000000e+00	4.128941e-03
4.600000000000001e+00	4.222837e-03
4.700000000000000e+00	4.316760e-03
4.800000000000001e+00	4.410708e-03
4.900000000000000e+00	4.504681e-03
5.000000000000000e+00	4.598676e-03
5.100000000000001e+00	4.692695e-03
5.200000000000000e+00	4.786736e-03
5.300000000000001e+00	4.880797e-03
5.400000000000000e+00	4.974879e-03
5.500000000000000e+00	5.068981e-03
5.600000000000001e+00	5.163102e-03
5.700000000000000e+00	5.257241e-03
5.800000000000001e+00	5.351398e-03
5.900000000000000e+00	5.445572e-03
6.000000000000000e+00	5.539763e-03
6.100000000000000e+00	5.633970e-03
6.200000000000001e+00	5.728193e-03
6.300000000000001e+00	5.822431e-03
6.400000000000000e+00	5.916684e-03
6.500000000000000e+00	6.010951e-03
6.600000000000000e+00	6.105232e-03
6.700000000000001e+00	6.199527e-03
6.800000000000001e+00	6.293834e-03
6.900000000000000e+00	6.388155e-03
7.000000000000000e+00	6.482488e-03
7.100000000000000e+00	6.576833e-03
7.200000000000001e+00	6.671190e-03
7.300000000000001e+00	6.765558e-03
7.400000000000000e+00	6.859938e-03
7.500000000000000e+00	6.954328e-03
7.600000000000001e+00	7.048729e-03
7.700000000000001e+00	7.143141e-03
7.800000000000001e+00	7.237562e-03
7.900000000000000e+00	7.331994e-03
8.000000000000000e+00	7.426435e-03
8.100000000000001e+00	7.520886e-03
8.200000000000001e+00	7.615345e-03
8.300000000000001e+00	7.709814e-03
8.400000000000000e+00	7.804291e-03
8.500000000000000e+00	7.898777e-03
8.600000000000001e+00	7.993272e-03
8.700000000000001e+00	8.087774e-03
8.800000000000001e+00	8.182284e-03
8.900000000000000e+00	8.276803e-03
9.000000000000000e+00	8.371329e-03
9.100000000000001e+00	8.465863e-03
9.200000000000001e+00	8.560404e-03
9.300000000000001e+00	8.654952e-03
9.400000000000000e+00	8.749507e-03
9.500000000000000e+00	8.844069e-03
9.600000000000001e+00	8.938638e-03
9.700000000000001e+00	9.033213e-03
9.800000000000001e+00	9.127796e-03
9.900000000000000e+00	9.222385e-03
1.000000000000000e+01	9.316979e-03
