V1	I(D1)

-2.000000000000000e+00	-7.966547e-07
-1.900000000000000e+00	-7.966546e-07
-1.800000000000000e+00	-7.966545e-07
-1.700000000000000e+00	-7.966544e-07
-1.600000000000000e+00	-7.966543e-07
-1.500000000000000e+00	-7.966542e-07
-1.400000000000000e+00	-7.966541e-07
-1.300000000000000e+00	-7.966540e-07
-1.200000000000000e+00	-7.966539e-07
-1.100000000000000e+00	-7.966538e-07
-1.000000000000000e+00	-7.966537e-07
-8.999999999999999e-01	-7.966536e-07
-7.999999999999998e-01	-7.966534e-07
-7.000000000000000e-01	-7.966526e-07
-5.999999999999999e-01	-7.966477e-07
-5.000000000000000e-01	-7.966124e-07
-3.999999999999999e-01	-7.963579e-07
-2.999999999999998e-01	-7.945167e-07
-2.000000000000000e-01	-7.811954e-07
-9.999999999999987e-02	-6.850020e-07
0.000000000000000e+00	0.000000e+00
1.000000000000001e-01	4.458827e-06
2.000000000000002e-01	2.435373e-05
3.000000000000003e-01	6.988076e-05
4.000000000000004e-01	1.339859e-04
5.000000000000000e-01	2.081787e-04
6.000000000000001e-01	2.876105e-04
7.000000000000002e-01	3.708020e-04
8.000000000000003e-01	4.561867e-04
9.000000000000004e-01	5.430724e-04
1.000000000000000e+00	6.310977e-04
1.100000000000000e+00	7.200026e-04
1.200000000000000e+00	8.096013e-04
1.300000000000000e+00	8.997605e-04
1.400000000000000e+00	9.903812e-04
1.500000000000000e+00	1.081388e-03
1.600000000000000e+00	1.172723e-03
1.700000000000000e+00	1.264340e-03
1.800000000000000e+00	1.356200e-03
1.900000000000000e+00	1.448275e-03
2.000000000000000e+00	1.540538e-03
2.100000000000001e+00	1.632969e-03
2.200000000000000e+00	1.725550e-03
2.300000000000000e+00	1.818266e-03
2.400000000000000e+00	1.911104e-03
2.500000000000000e+00	2.004053e-03
2.600000000000001e+00	2.097103e-03
2.700000000000000e+00	2.190246e-03
2.800000000000001e+00	2.283474e-03
2.900000000000000e+00	2.376781e-03
3.000000000000000e+00	2.470160e-03
3.100000000000001e+00	2.563607e-03
3.200000000000000e+00	2.657117e-03
3.300000000000001e+00	2.750685e-03
3.400000000000000e+00	2.844309e-03
3.500000000000000e+00	2.937983e-03
3.600000000000001e+00	3.031706e-03
3.700000000000000e+00	3.125473e-03
3.800000000000001e+00	3.219284e-03
3.900000000000000e+00	3.313134e-03
4.000000000000000e+00	3.407023e-03
4.100000000000001e+00	3.500948e-03
4.200000000000000e+00	3.594907e-03
4.300000000000001e+00	3.688899e-03
4.400000000000000e+00	3.782921e-03
4.500000000000000e+00	3.876972e-03
4.600000000000001e+00	3.971052e-03
4.700000000000000e+00	4.065158e-03
4.800000000000001e+00	4.159290e-03
4.900000000000000e+00	4.253447e-03
5.000000000000000e+00	4.347626e-03
5.100000000000001e+00	4.441828e-03
5.200000000000000e+00	4.536051e-03
5.300000000000001e+00	4.630295e-03
5.400000000000000e+00	4.724558e-03
5.500000000000000e+00	4.818841e-03
5.600000000000001e+00	4.913141e-03
5.700000000000000e+00	5.007460e-03
5.800000000000001e+00	5.101795e-03
5.900000000000000e+00	5.196146e-03
6.000000000000000e+00	5.290513e-03
6.100000000000000e+00	5.384896e-03
6.200000000000001e+00	5.479293e-03
6.300000000000001e+00	5.573704e-03
6.400000000000000e+00	5.668129e-03
6.500000000000000e+00	5.762567e-03
6.600000000000000e+00	5.857018e-03
6.700000000000001e+00	5.951481e-03
6.800000000000001e+00	6.045957e-03
6.900000000000000e+00	6.140443e-03
7.000000000000000e+00	6.234942e-03
7.100000000000000e+00	6.329451e-03
7.200000000000001e+00	6.423971e-03
7.300000000000001e+00	6.518501e-03
7.400000000000000e+00	6.613041e-03
7.500000000000000e+00	6.707591e-03
7.600000000000001e+00	6.802151e-03
7.700000000000001e+00	6.896720e-03
7.800000000000001e+00	6.991297e-03
7.900000000000000e+00	7.085884e-03
8.000000000000000e+00	7.180479e-03
8.100000000000001e+00	7.275083e-03
8.200000000000001e+00	7.369694e-03
8.300000000000001e+00	7.464313e-03
8.400000000000000e+00	7.558940e-03
8.500000000000000e+00	7.653574e-03
8.600000000000001e+00	7.748216e-03
8.700000000000001e+00	7.842865e-03
8.800000000000001e+00	7.937521e-03
8.900000000000000e+00	8.032184e-03
9.000000000000000e+00	8.126853e-03
9.100000000000001e+00	8.221528e-03
9.200000000000001e+00	8.316210e-03
9.300000000000001e+00	8.410899e-03
9.400000000000000e+00	8.505594e-03
9.500000000000000e+00	8.600294e-03
9.600000000000001e+00	8.695000e-03
9.700000000000001e+00	8.789712e-03
9.800000000000001e+00	8.884429e-03
9.900000000000000e+00	8.979152e-03
1.000000000000000e+01	9.073881e-03
