V1	I(D1)

-2.000000000000000e+00	-1.270746e-04
-1.900000000000000e+00	-1.270746e-04
-1.800000000000000e+00	-1.270746e-04
-1.700000000000000e+00	-1.270746e-04
-1.600000000000000e+00	-1.270746e-04
-1.500000000000000e+00	-1.270746e-04
-1.400000000000000e+00	-1.270746e-04
-1.300000000000000e+00	-1.270746e-04
-1.200000000000000e+00	-1.270746e-04
-1.100000000000000e+00	-1.270746e-04
-1.000000000000000e+00	-1.270744e-04
-8.999999999999999e-01	-1.270738e-04
-7.999999999999998e-01	-1.270706e-04
-7.000000000000000e-01	-1.270557e-04
-5.999999999999999e-01	-1.269849e-04
-5.000000000000000e-01	-1.266523e-04
-3.999999999999999e-01	-1.251246e-04
-2.999999999999998e-01	-1.187764e-04
-2.000000000000000e-01	-9.868231e-05
-9.999999999999987e-02	-5.796208e-05
0.000000000000000e+00	0.000000e+00
1.000000000000001e-01	6.874512e-05
2.000000000000002e-01	1.440527e-04
3.000000000000003e-01	2.235400e-04
4.000000000000004e-01	3.058003e-04
5.000000000000000e-01	3.901570e-04
6.000000000000001e-01	4.760037e-04
7.000000000000002e-01	5.629921e-04
8.000000000000003e-01	6.508865e-04
9.000000000000004e-01	7.395142e-04
1.000000000000000e+00	8.287462e-04
1.100000000000000e+00	9.184842e-04
1.200000000000000e+00	1.008652e-03
1.300000000000000e+00	1.099188e-03
1.400000000000000e+00	1.190043e-03
1.500000000000000e+00	1.281179e-03
1.600000000000000e+00	1.372561e-03
1.700000000000000e+00	1.464163e-03
1.800000000000000e+00	1.555961e-03
1.900000000000000e+00	1.647936e-03
2.000000000000000e+00	1.740070e-03
2.100000000000001e+00	1.832348e-03
2.200000000000000e+00	1.924759e-03
2.300000000000000e+00	2.017290e-03
2.400000000000000e+00	2.109933e-03
2.500000000000000e+00	2.202678e-03
2.600000000000001e+00	2.295518e-03
2.700000000000000e+00	2.388445e-03
2.800000000000001e+00	2.481455e-03
2.900000000000000e+00	2.574540e-03
3.000000000000000e+00	2.667697e-03
3.100000000000001e+00	2.760921e-03
3.200000000000000e+00	2.854207e-03
3.300000000000001e+00	2.947551e-03
3.400000000000000e+00	3.040952e-03
3.500000000000000e+00	3.134404e-03
3.600000000000001e+00	3.227906e-03
3.700000000000000e+00	3.321455e-03
3.800000000000001e+00	3.415048e-03
3.900000000000000e+00	3.508683e-03
4.000000000000000e+00	3.602358e-03
4.100000000000001e+00	3.696071e-03
4.200000000000000e+00	3.789820e-03
4.300000000000001e+00	3.883604e-03
4.400000000000000e+00	3.977421e-03
4.500000000000000e+00	4.071270e-03
4.600000000000001e+00	4.165148e-03
4.700000000000000e+00	4.259055e-03
4.800000000000001e+00	4.352991e-03
4.900000000000000e+00	4.446953e-03
5.000000000000000e+00	4.540940e-03
5.100000000000001e+00	4.634952e-03
5.200000000000000e+00	4.728987e-03
5.300000000000001e+00	4.823045e-03
5.400000000000000e+00	4.917125e-03
5.500000000000000e+00	5.011226e-03
5.600000000000001e+00	5.105347e-03
5.700000000000000e+00	5.199488e-03
5.800000000000001e+00	5.293648e-03
5.900000000000000e+00	5.387826e-03
6.000000000000000e+00	5.482022e-03
6.100000000000000e+00	5.576235e-03
6.200000000000001e+00	5.670464e-03
6.300000000000001e+00	5.764710e-03
6.400000000000000e+00	5.858971e-03
6.500000000000000e+00	5.953247e-03
6.600000000000000e+00	6.047537e-03
6.700000000000001e+00	6.141842e-03
6.800000000000001e+00	6.236160e-03
6.900000000000000e+00	6.330492e-03
7.000000000000000e+00	6.424837e-03
7.100000000000000e+00	6.519194e-03
7.200000000000001e+00	6.613564e-03
7.300000000000001e+00	6.707945e-03
7.400000000000000e+00	6.802338e-03
7.500000000000000e+00	6.896742e-03
7.600000000000001e+00	6.991157e-03
7.700000000000001e+00	7.085583e-03
7.800000000000001e+00	7.180020e-03
7.900000000000000e+00	7.274466e-03
8.000000000000000e+00	7.368923e-03
8.100000000000001e+00	7.463389e-03
8.200000000000001e+00	7.557864e-03
8.300000000000001e+00	7.652349e-03
8.400000000000000e+00	7.746842e-03
8.500000000000000e+00	7.841345e-03
8.600000000000001e+00	7.935856e-03
8.700000000000001e+00	8.030375e-03
8.800000000000001e+00	8.124902e-03
8.900000000000000e+00	8.219438e-03
9.000000000000000e+00	8.313981e-03
9.100000000000001e+00	8.408532e-03
9.200000000000001e+00	8.503090e-03
9.300000000000001e+00	8.597655e-03
9.400000000000000e+00	8.692228e-03
9.500000000000000e+00	8.786808e-03
9.600000000000001e+00	8.881395e-03
9.700000000000001e+00	8.975987e-03
9.800000000000001e+00	9.070587e-03
9.900000000000000e+00	9.165194e-03
1.000000000000000e+01	9.259806e-03
