time	V(v1)
0.000000000000000e+00	0.000000e+00
5.859375207251105e-10	4.049709e-06
1.171875041450221e-09	8.099419e-06
2.343750082900442e-09	1.619884e-05
4.687500165800884e-09	3.239767e-05
9.375000331601768e-09	6.479535e-05
1.875000066320354e-08	1.295907e-04
3.750000132640707e-08	2.591814e-04
7.500000265281415e-08	5.183628e-04
1.500000053056283e-07	1.036726e-03
3.000000106112566e-07	2.073451e-03
6.000000212225132e-07	4.146902e-03
1.200000042445026e-06	8.293805e-03
2.400000084890053e-06	1.658761e-02
4.800000169780105e-06	3.317521e-02
9.600000339560211e-06	6.635034e-02
1.920000067912042e-05	1.327001e-01
3.840000135824084e-05	2.653953e-01
7.680000271648169e-05	5.307520e-01
1.353937527164817e-04	9.354923e-01
1.939875027164817e-04	1.339916e+00
2.525812527164817e-04	1.743885e+00
3.111750027164817e-04	2.147263e+00
3.697687527164817e-04	2.549914e+00
4.283625027164817e-04	2.951701e+00
4.869562527164817e-04	3.352488e+00
5.455500027164817e-04	3.752138e+00
6.041437527164817e-04	4.150517e+00
6.627375027164818e-04	4.547491e+00
7.213312527164818e-04	4.942923e+00
7.799250027164819e-04	5.336680e+00
8.385187527164819e-04	5.728629e+00
8.971125027164820e-04	6.118637e+00
9.557062527164820e-04	6.506572e+00
1.014300002716482e-03	6.892302e+00
1.072893752716482e-03	7.275697e+00
1.131487502716482e-03	7.656626e+00
1.190081252716482e-03	8.034962e+00
1.248675002716482e-03	8.410574e+00
1.307268752716482e-03	8.783337e+00
1.365862502716482e-03	9.153124e+00
1.424456252716482e-03	9.519809e+00
1.483050002716483e-03	9.883268e+00
1.541643752716483e-03	1.024338e+01
1.600237502716483e-03	1.060002e+01
1.658831252716483e-03	1.095307e+01
1.717425002716483e-03	1.130240e+01
1.776018752716483e-03	1.164791e+01
1.834612502716483e-03	1.198947e+01
1.893206252716483e-03	1.232697e+01
1.951800002716483e-03	1.266029e+01
2.010393752716483e-03	1.298932e+01
2.068987502716483e-03	1.331395e+01
2.127581252716483e-03	1.363407e+01
2.186175002716483e-03	1.394957e+01
2.244768752716483e-03	1.426034e+01
2.303362502716483e-03	1.456629e+01
2.361956252716483e-03	1.486729e+01
2.420550002716483e-03	1.516326e+01
2.479143752716483e-03	1.545409e+01
2.537737502716483e-03	1.573968e+01
2.596331252716483e-03	1.601994e+01
2.654925002716484e-03	1.629477e+01
2.713518752716484e-03	1.656409e+01
2.772112502716484e-03	1.682778e+01
2.830706252716484e-03	1.708578e+01
2.889300002716484e-03	1.733799e+01
2.947893752716484e-03	1.758432e+01
3.006487502716484e-03	1.782469e+01
3.065081252716484e-03	1.805903e+01
3.123675002716484e-03	1.828724e+01
3.182268752716484e-03	1.850926e+01
3.240862502716484e-03	1.872501e+01
3.299456252716484e-03	1.893441e+01
3.358050002716484e-03	1.913740e+01
3.416643752716484e-03	1.933390e+01
3.475237502716484e-03	1.952385e+01
3.533831252716484e-03	1.970719e+01
3.592425002716484e-03	1.988385e+01
3.651018752716484e-03	2.005377e+01
3.709612502716484e-03	2.021689e+01
3.768206252716485e-03	2.037317e+01
3.826800002716485e-03	2.052254e+01
3.885393752716485e-03	2.066496e+01
3.943987502716484e-03	2.080038e+01
4.002581252716484e-03	2.092875e+01
4.061175002716483e-03	2.105003e+01
4.119768752716483e-03	2.116417e+01
4.178362502716483e-03	2.127115e+01
4.236956252716482e-03	2.137091e+01
4.295550002716482e-03	2.146344e+01
4.354143752716482e-03	2.154869e+01
4.412737502716481e-03	2.162664e+01
4.471331252716481e-03	2.169727e+01
4.529925002716480e-03	2.176054e+01
4.588518752716480e-03	2.181644e+01
4.647112502716480e-03	2.186494e+01
4.705706252716479e-03	2.190604e+01
4.764300002716479e-03	2.193971e+01
4.822893752716479e-03	2.196596e+01
4.881487502716478e-03	2.198475e+01
4.940081252716478e-03	2.199610e+01
4.998675002716477e-03	2.200000e+01
5.057268752716477e-03	2.199644e+01
5.115862502716477e-03	2.198543e+01
5.174456252716476e-03	2.196697e+01
5.233050002716476e-03	2.194106e+01
5.291643752716475e-03	2.190772e+01
5.350237502716475e-03	2.186696e+01
5.408831252716475e-03	2.181879e+01
5.467425002716474e-03	2.176323e+01
5.526018752716474e-03	2.170029e+01
5.584612502716474e-03	2.163000e+01
5.643206252716473e-03	2.155237e+01
5.701800002716473e-03	2.146745e+01
5.760393752716472e-03	2.137525e+01
5.818987502716472e-03	2.127581e+01
5.877581252716472e-03	2.116917e+01
5.936175002716471e-03	2.105534e+01
5.994768752716471e-03	2.093439e+01
6.053362502716471e-03	2.080634e+01
6.111956252716470e-03	2.067124e+01
6.170550002716470e-03	2.052913e+01
6.229143752716469e-03	2.038008e+01
6.287737502716469e-03	2.022411e+01
6.346331252716469e-03	2.006129e+01
6.404925002716468e-03	1.989168e+01
6.463518752716468e-03	1.971532e+01
6.522112502716467e-03	1.953229e+01
6.580706252716467e-03	1.934263e+01
6.639300002716467e-03	1.914643e+01
6.697893752716466e-03	1.894373e+01
6.756487502716466e-03	1.873462e+01
6.815081252716466e-03	1.851916e+01
6.873675002716465e-03	1.829742e+01
6.932268752716465e-03	1.806948e+01
6.990862502716464e-03	1.783542e+01
7.049456252716464e-03	1.759532e+01
7.108050002716464e-03	1.734925e+01
7.166643752716463e-03	1.709731e+01
7.225237502716463e-03	1.683957e+01
7.283831252716462e-03	1.657613e+01
7.342425002716462e-03	1.630707e+01
7.401018752716462e-03	1.603249e+01
7.459612502716461e-03	1.575247e+01
7.518206252716461e-03	1.546712e+01
7.576800002716461e-03	1.517652e+01
7.635393752716460e-03	1.488079e+01
7.693987502716460e-03	1.458001e+01
7.752581252716459e-03	1.427429e+01
7.811175002716459e-03	1.396373e+01
7.869768752716460e-03	1.364844e+01
7.928362502716460e-03	1.332853e+01
7.986956252716461e-03	1.300410e+01
8.045550002716461e-03	1.267527e+01
8.104143752716461e-03	1.234214e+01
8.162737502716462e-03	1.200482e+01
8.221331252716462e-03	1.166345e+01
8.279925002716463e-03	1.131811e+01
8.338518752716463e-03	1.096895e+01
8.397112502716464e-03	1.061607e+01
8.455706252716464e-03	1.025958e+01
8.514300002716465e-03	9.899629e+00
8.572893752716465e-03	9.536318e+00
8.631487502716466e-03	9.169775e+00
8.690081252716466e-03	8.800126e+00
8.748675002716467e-03	8.427495e+00
8.807268752716467e-03	8.052009e+00
8.865862502716468e-03	7.673794e+00
8.924456252716468e-03	7.292979e+00
8.983050002716469e-03	6.909693e+00
9.041643752716469e-03	6.524066e+00
9.100237502716470e-03	6.136228e+00
9.158831252716470e-03	5.746311e+00
9.217425002716471e-03	5.354447e+00
9.276018752716471e-03	4.960768e+00
9.334612502716472e-03	4.565409e+00
9.341936721466472e-03	4.515878e+00
9.356585158966473e-03	4.416743e+00
9.385882033966472e-03	4.218196e+00
9.444475783966472e-03	3.820047e+00
9.503069533966473e-03	3.420603e+00
9.561663283966473e-03	3.020000e+00
9.620257033966474e-03	2.618374e+00
9.678850783966474e-03	2.215860e+00
9.737444533966475e-03	1.812596e+00
9.796038283966475e-03	1.408718e+00
9.854632033966476e-03	1.004362e+00
9.913225783966476e-03	5.996661e-01
9.971819533966477e-03	1.947668e-01
1.003041328396648e-02	-2.101983e-01
1.008900703396648e-02	-6.150923e-01
1.014760078396648e-02	-1.019778e+00
1.020619453396648e-02	-1.424118e+00
1.026478828396648e-02	-1.827975e+00
1.032338203396648e-02	-2.231213e+00
1.038197578396648e-02	-2.633695e+00
1.044056953396648e-02	-3.035285e+00
1.049916328396648e-02	-3.435846e+00
1.055775703396648e-02	-3.835243e+00
1.061635078396648e-02	-4.233341e+00
1.067494453396648e-02	-4.630004e+00
1.073353828396648e-02	-5.025098e+00
1.079213203396648e-02	-5.418490e+00
1.085072578396648e-02	-5.810045e+00
1.090931953396648e-02	-6.199632e+00
1.096791328396649e-02	-6.587119e+00
1.102650703396649e-02	-6.972373e+00
1.108510078396649e-02	-7.355265e+00
1.114369453396649e-02	-7.735664e+00
1.120228828396649e-02	-8.113443e+00
1.126088203396649e-02	-8.488472e+00
1.131947578396649e-02	-8.860625e+00
1.137806953396649e-02	-9.229776e+00
1.143666328396649e-02	-9.595799e+00
1.149525703396649e-02	-9.958571e+00
1.155385078396649e-02	-1.031797e+01
1.161244453396649e-02	-1.067387e+01
1.167103828396649e-02	-1.102616e+01
1.172963203396649e-02	-1.137471e+01
1.178822578396649e-02	-1.171940e+01
1.184681953396649e-02	-1.206012e+01
1.190541328396649e-02	-1.239676e+01
1.196400703396649e-02	-1.272920e+01
1.202260078396649e-02	-1.305732e+01
1.208119453396649e-02	-1.338102e+01
1.213978828396649e-02	-1.370019e+01
1.219838203396650e-02	-1.401471e+01
1.225697578396650e-02	-1.432448e+01
1.231556953396650e-02	-1.462941e+01
1.237416328396650e-02	-1.492937e+01
1.243275703396650e-02	-1.522427e+01
1.249135078396650e-02	-1.551402e+01
1.254994453396650e-02	-1.579851e+01
1.260853828396650e-02	-1.607765e+01
1.266713203396650e-02	-1.635134e+01
1.272572578396650e-02	-1.661949e+01
1.278431953396650e-02	-1.688200e+01
1.284291328396650e-02	-1.713880e+01
1.290150703396650e-02	-1.738979e+01
1.296010078396650e-02	-1.763489e+01
1.301869453396650e-02	-1.787401e+01
1.307728828396650e-02	-1.810708e+01
1.313588203396650e-02	-1.833401e+01
1.319447578396650e-02	-1.855473e+01
1.325306953396650e-02	-1.876916e+01
1.331166328396650e-02	-1.897723e+01
1.337025703396650e-02	-1.917887e+01
1.342885078396651e-02	-1.937402e+01
1.348744453396651e-02	-1.956260e+01
1.354603828396651e-02	-1.974454e+01
1.360463203396651e-02	-1.991981e+01
1.366322578396651e-02	-2.008832e+01
1.372181953396651e-02	-2.025002e+01
1.378041328396651e-02	-2.040486e+01
1.383900703396651e-02	-2.055279e+01
1.389760078396651e-02	-2.069375e+01
1.395619453396651e-02	-2.082771e+01
1.401478828396651e-02	-2.095460e+01
1.407338203396651e-02	-2.107440e+01
1.413197578396651e-02	-2.118705e+01
1.419056953396651e-02	-2.129253e+01
1.424916328396651e-02	-2.139079e+01
1.430775703396651e-02	-2.148180e+01
1.436635078396651e-02	-2.156553e+01
1.442494453396651e-02	-2.164196e+01
1.448353828396651e-02	-2.171105e+01
1.454213203396651e-02	-2.177279e+01
1.460072578396652e-02	-2.182715e+01
1.465931953396652e-02	-2.187411e+01
1.471791328396652e-02	-2.191367e+01
1.477650703396652e-02	-2.194580e+01
1.483510078396652e-02	-2.197049e+01
1.489369453396652e-02	-2.198773e+01
1.495228828396652e-02	-2.199753e+01
1.501088203396652e-02	-2.199987e+01
1.506947578396652e-02	-2.199476e+01
1.512806953396652e-02	-2.198219e+01
1.518666328396652e-02	-2.196218e+01
1.524525703396652e-02	-2.193473e+01
1.530385078396652e-02	-2.189984e+01
1.536244453396652e-02	-2.185754e+01
1.542103828396652e-02	-2.180782e+01
1.547963203396652e-02	-2.175072e+01
1.553822578396652e-02	-2.168625e+01
1.559681953396652e-02	-2.161443e+01
1.565541328396652e-02	-2.153528e+01
1.571400703396652e-02	-2.144884e+01
1.577260078396652e-02	-2.135513e+01
1.583119453396652e-02	-2.125419e+01
1.588978828396652e-02	-2.114604e+01
1.594838203396652e-02	-2.103073e+01
1.600697578396652e-02	-2.090829e+01
1.606556953396652e-02	-2.077877e+01
1.612416328396651e-02	-2.064221e+01
1.618275703396651e-02	-2.049865e+01
1.624135078396651e-02	-2.034815e+01
1.629994453396651e-02	-2.019075e+01
1.635853828396651e-02	-2.002652e+01
1.641713203396651e-02	-1.985549e+01
1.647572578396651e-02	-1.967774e+01
1.653431953396651e-02	-1.949332e+01
1.659291328396650e-02	-1.930230e+01
1.665150703396650e-02	-1.910473e+01
1.671010078396650e-02	-1.890069e+01
1.676869453396650e-02	-1.869025e+01
1.682728828396650e-02	-1.847347e+01
1.688588203396650e-02	-1.825044e+01
1.694447578396650e-02	-1.802122e+01
1.700306953396650e-02	-1.778590e+01
1.706166328396649e-02	-1.754454e+01
1.712025703396649e-02	-1.729725e+01
1.717885078396649e-02	-1.704409e+01
1.723744453396649e-02	-1.678516e+01
1.729603828396649e-02	-1.652054e+01
1.735463203396649e-02	-1.625032e+01
1.741322578396649e-02	-1.597460e+01
1.747181953396649e-02	-1.569346e+01
1.753041328396648e-02	-1.540701e+01
1.758900703396648e-02	-1.511533e+01
1.764760078396648e-02	-1.481854e+01
1.770619453396648e-02	-1.451672e+01
1.776478828396648e-02	-1.420998e+01
1.782338203396648e-02	-1.389843e+01
1.788197578396648e-02	-1.358217e+01
1.794056953396648e-02	-1.326131e+01
1.799916328396647e-02	-1.293595e+01
1.805775703396647e-02	-1.260621e+01
1.811635078396647e-02	-1.227220e+01
1.817494453396647e-02	-1.193404e+01
1.823353828396647e-02	-1.159182e+01
1.829213203396647e-02	-1.124568e+01
1.835072578396647e-02	-1.089573e+01
1.840931953396647e-02	-1.054209e+01
1.846791328396646e-02	-1.018488e+01
1.852650703396646e-02	-9.824211e+00
1.858510078396646e-02	-9.460217e+00
1.864369453396646e-02	-9.093018e+00
1.870228828396646e-02	-8.722736e+00
1.876088203396646e-02	-8.349501e+00
1.881947578396646e-02	-7.973435e+00
1.887806953396646e-02	-7.594668e+00
1.893666328396645e-02	-7.213327e+00
1.899525703396645e-02	-6.829543e+00
1.905385078396645e-02	-6.443444e+00
1.906117500271645e-02	-6.395026e+00
1.907582344021645e-02	-6.298087e+00
1.910512031521645e-02	-6.103813e+00
1.916371406521645e-02	-5.713728e+00
1.922230781521645e-02	-5.321708e+00
1.928090156521645e-02	-4.927884e+00
1.933949531521645e-02	-4.532391e+00
1.939808906521645e-02	-4.135362e+00
1.945668281521645e-02	-3.736931e+00
1.951527656521644e-02	-3.337235e+00
1.957387031521644e-02	-2.936408e+00
1.963246406521644e-02	-2.534585e+00
1.969105781521644e-02	-2.131904e+00
1.974965156521644e-02	-1.728501e+00
1.980824531521644e-02	-1.324512e+00
1.986683906521644e-02	-9.200739e-01
1.992543281521644e-02	-5.153242e-01
1.998402656521643e-02	-1.104000e-01
1.999135078396643e-02	-5.977901e-02
2.000599922146644e-02	4.146362e-02
2.003529609646644e-02	2.439441e-01
2.009388984646644e-02	6.488259e-01
2.015248359646643e-02	1.053488e+00
2.021107734646643e-02	1.457793e+00
2.026967109646643e-02	1.861604e+00
2.032826484646643e-02	2.264784e+00
2.038685859646643e-02	2.667197e+00
2.044545234646643e-02	3.068706e+00
2.050404609646643e-02	3.469176e+00
2.056263984646643e-02	3.868470e+00
2.062123359646642e-02	4.266453e+00
2.067982734646642e-02	4.662990e+00
2.073842109646642e-02	5.057948e+00
2.079701484646642e-02	5.451191e+00
2.085560859646642e-02	5.842588e+00
2.091420234646642e-02	6.232005e+00
2.097279609646642e-02	6.619310e+00
2.103138984646642e-02	7.004373e+00
2.108998359646641e-02	7.387062e+00
2.114857734646641e-02	7.767248e+00
2.120717109646641e-02	8.144802e+00
2.126576484646641e-02	8.519597e+00
2.132435859646641e-02	8.891504e+00
2.138295234646641e-02	9.260400e+00
2.144154609646641e-02	9.626157e+00
2.150013984646641e-02	9.988652e+00
2.155873359646640e-02	1.034776e+01
2.161732734646640e-02	1.070337e+01
2.167592109646640e-02	1.105535e+01
2.173451484646640e-02	1.140358e+01
2.179310859646640e-02	1.174795e+01
2.185170234646640e-02	1.208833e+01
2.191029609646640e-02	1.242463e+01
2.196888984646640e-02	1.275671e+01
2.202748359646639e-02	1.308447e+01
2.208607734646639e-02	1.340779e+01
2.214467109646639e-02	1.372657e+01
2.220326484646639e-02	1.404071e+01
2.226185859646639e-02	1.435008e+01
2.232045234646639e-02	1.465459e+01
2.237904609646639e-02	1.495414e+01
2.243763984646639e-02	1.524862e+01
2.249623359646638e-02	1.553793e+01
2.255482734646638e-02	1.582198e+01
2.261342109646638e-02	1.610067e+01
2.267201484646638e-02	1.637390e+01
2.273060859646638e-02	1.664158e+01
2.278920234646638e-02	1.690362e+01
2.284779609646638e-02	1.715994e+01
2.290638984646638e-02	1.741044e+01
2.296498359646637e-02	1.765505e+01
2.302357734646637e-02	1.789367e+01
2.308217109646637e-02	1.812622e+01
2.314076484646637e-02	1.835264e+01
2.319935859646637e-02	1.857284e+01
2.325795234646637e-02	1.878674e+01
2.331654609646637e-02	1.899428e+01
2.337513984646637e-02	1.919538e+01
2.343373359646636e-02	1.938998e+01
2.349232734646636e-02	1.957801e+01
2.355092109646636e-02	1.975941e+01
2.360951484646636e-02	1.993411e+01
2.366810859646636e-02	2.010205e+01
2.372670234646636e-02	2.026319e+01
2.378529609646636e-02	2.041745e+01
2.384388984646636e-02	2.056480e+01
2.390248359646635e-02	2.070518e+01
2.396107734646635e-02	2.083855e+01
2.401967109646635e-02	2.096486e+01
2.407826484646635e-02	2.108406e+01
2.413685859646635e-02	2.119612e+01
2.419545234646635e-02	2.130099e+01
2.425404609646635e-02	2.139865e+01
2.431263984646635e-02	2.148906e+01
2.437123359646634e-02	2.157218e+01
2.442982734646634e-02	2.164800e+01
2.448842109646634e-02	2.171648e+01
2.454701484646634e-02	2.177760e+01
2.460560859646634e-02	2.183135e+01
2.466420234646634e-02	2.187770e+01
2.472279609646634e-02	2.191663e+01
2.478138984646634e-02	2.194814e+01
2.483998359646633e-02	2.197221e+01
2.489857734646633e-02	2.198883e+01
2.495717109646633e-02	2.199801e+01
2.501576484646633e-02	2.199973e+01
2.507435859646633e-02	2.199400e+01
2.513295234646633e-02	2.198081e+01
2.519154609646633e-02	2.196018e+01
2.525013984646633e-02	2.193211e+01
2.530873359646632e-02	2.189660e+01
2.536732734646632e-02	2.185368e+01
2.542592109646632e-02	2.180335e+01
2.548451484646632e-02	2.174563e+01
2.554310859646632e-02	2.168054e+01
2.560170234646632e-02	2.160811e+01
2.566029609646632e-02	2.152836e+01
2.571888984646632e-02	2.144131e+01
2.577748359646631e-02	2.134700e+01
2.583607734646631e-02	2.124545e+01
2.589467109646631e-02	2.113671e+01
2.595326484646631e-02	2.102080e+01
2.601185859646631e-02	2.089777e+01
2.607045234646631e-02	2.076766e+01
2.612904609646631e-02	2.063051e+01
2.618763984646631e-02	2.048638e+01
2.624623359646630e-02	2.033530e+01
2.630482734646630e-02	2.017733e+01
2.636342109646630e-02	2.001252e+01
2.642201484646630e-02	1.984093e+01
2.648060859646630e-02	1.966262e+01
2.653920234646630e-02	1.947765e+01
2.659779609646630e-02	1.928608e+01
2.665638984646630e-02	1.908797e+01
2.671498359646629e-02	1.888340e+01
2.677357734646629e-02	1.867243e+01
2.683217109646629e-02	1.845513e+01
2.689076484646629e-02	1.823157e+01
2.694935859646629e-02	1.800184e+01
2.700795234646629e-02	1.776601e+01
2.706654609646629e-02	1.752416e+01
2.712513984646629e-02	1.727637e+01
2.718373359646628e-02	1.702273e+01
2.724232734646628e-02	1.676332e+01
2.730092109646628e-02	1.649823e+01
2.735951484646628e-02	1.622755e+01
2.741810859646628e-02	1.595137e+01
2.747670234646628e-02	1.566979e+01
2.753529609646628e-02	1.538290e+01
2.759388984646628e-02	1.509079e+01
2.765248359646627e-02	1.479357e+01
2.771107734646627e-02	1.449134e+01
2.776967109646627e-02	1.418420e+01
2.782826484646627e-02	1.387226e+01
2.788685859646627e-02	1.355561e+01
2.794545234646627e-02	1.323437e+01
2.800404609646627e-02	1.290864e+01
2.806263984646627e-02	1.257854e+01
2.812123359646626e-02	1.224418e+01
2.817982734646626e-02	1.190567e+01
2.823842109646626e-02	1.156313e+01
2.829701484646626e-02	1.121667e+01
2.835560859646626e-02	1.086640e+01
2.841420234646626e-02	1.051246e+01
2.847279609646626e-02	1.015495e+01
2.853138984646626e-02	9.794003e+00
2.858998359646625e-02	9.429738e+00
2.864857734646625e-02	9.062277e+00
2.870717109646625e-02	8.691745e+00
2.876576484646625e-02	8.318268e+00
2.882435859646625e-02	7.941972e+00
2.888295234646625e-02	7.562986e+00
2.894154609646625e-02	7.181437e+00
2.900013984646625e-02	6.797455e+00
2.905873359646624e-02	6.411169e+00
2.911732734646624e-02	6.022711e+00
2.917592109646624e-02	5.632213e+00
2.923451484646624e-02	5.239805e+00
2.929310859646624e-02	4.845623e+00
2.930043281521624e-02	4.796232e+00
2.931508125271624e-02	4.697374e+00
2.931874336209124e-02	4.672644e+00
2.932606758084124e-02	4.623165e+00
2.934071601834124e-02	4.524135e+00
2.937001289334124e-02	4.325788e+00
2.942860664334124e-02	3.928012e+00
2.948720039334124e-02	3.528906e+00
2.954579414334124e-02	3.128603e+00
2.960438789334124e-02	2.727241e+00
2.966298164334124e-02	2.324954e+00
2.972157539334123e-02	1.921880e+00
2.978016914334123e-02	1.518154e+00
2.983876289334123e-02	1.113914e+00
2.989735664334123e-02	7.092970e-01
2.995595039334123e-02	3.044393e-01
3.001454414334123e-02	-1.005215e-01
3.002186836209123e-02	-1.511421e-01
3.003651679959123e-02	-2.523805e-01
3.006581367459123e-02	-4.548391e-01
3.012440742459123e-02	-8.596235e-01
3.018300117459123e-02	-1.264117e+00
3.024159492459123e-02	-1.668182e+00
3.030018867459123e-02	-2.071681e+00
3.035878242459122e-02	-2.474479e+00
3.041737617459122e-02	-2.876438e+00
3.047596992459122e-02	-3.277422e+00
3.053456367459122e-02	-3.677297e+00
3.059315742459122e-02	-4.075924e+00
3.065175117459122e-02	-4.473172e+00
3.071034492459122e-02	-4.868903e+00
3.076893867459122e-02	-5.262984e+00
3.082753242459121e-02	-5.655282e+00
3.088612617459121e-02	-6.045665e+00
3.094471992459121e-02	-6.433998e+00
3.100331367459121e-02	-6.820152e+00
3.106190742459121e-02	-7.203994e+00
3.112050117459121e-02	-7.585396e+00
3.117909492459121e-02	-7.964227e+00
3.123768867459121e-02	-8.340360e+00
3.129628242459120e-02	-8.713667e+00
3.135487617459121e-02	-9.084022e+00
3.141346992459121e-02	-9.451298e+00
3.147206367459121e-02	-9.815372e+00
3.153065742459121e-02	-1.017612e+01
3.158925117459122e-02	-1.053342e+01
3.164784492459122e-02	-1.088715e+01
3.170643867459122e-02	-1.123719e+01
3.176503242459122e-02	-1.158343e+01
3.182362617459122e-02	-1.192574e+01
3.188221992459123e-02	-1.226400e+01
3.194081367459123e-02	-1.259812e+01
3.199940742459123e-02	-1.292796e+01
3.205800117459123e-02	-1.325343e+01
3.211659492459124e-02	-1.357440e+01
3.217518867459124e-02	-1.389077e+01
3.223378242459124e-02	-1.420244e+01
3.229237617459124e-02	-1.450929e+01
3.235096992459124e-02	-1.481123e+01
3.240956367459125e-02	-1.510815e+01
3.246815742459125e-02	-1.539995e+01
3.252675117459125e-02	-1.568654e+01
3.258534492459125e-02	-1.596780e+01
3.264393867459126e-02	-1.624366e+01
3.270253242459126e-02	-1.651401e+01
3.276112617459126e-02	-1.677877e+01
3.281971992459126e-02	-1.703784e+01
3.287831367459126e-02	-1.729114e+01
3.293690742459127e-02	-1.753858e+01
3.299550117459127e-02	-1.778008e+01
3.305409492459127e-02	-1.801555e+01
3.311268867459127e-02	-1.824492e+01
3.317128242459128e-02	-1.846811e+01
3.322987617459128e-02	-1.868504e+01
3.328846992459128e-02	-1.889564e+01
3.334706367459128e-02	-1.909983e+01
3.340565742459128e-02	-1.929755e+01
3.346425117459129e-02	-1.948874e+01
3.352284492459129e-02	-1.967332e+01
3.358143867459129e-02	-1.985123e+01
3.364003242459129e-02	-2.002242e+01
3.369862617459130e-02	-2.018683e+01
3.375721992459130e-02	-2.034439e+01
3.381581367459130e-02	-2.049507e+01
3.387440742459130e-02	-2.063879e+01
3.393300117459130e-02	-2.077552e+01
3.399159492459131e-02	-2.090522e+01
3.405018867459131e-02	-2.102783e+01
3.410878242459131e-02	-2.114332e+01
3.416737617459131e-02	-2.125164e+01
3.422596992459132e-02	-2.135276e+01
3.428456367459132e-02	-2.144664e+01
3.434315742459132e-02	-2.153326e+01
3.440175117459132e-02	-2.161259e+01
3.446034492459132e-02	-2.168458e+01
3.451893867459133e-02	-2.174924e+01
3.457753242459133e-02	-2.180652e+01
3.463612617459133e-02	-2.185641e+01
3.469471992459133e-02	-2.189890e+01
3.475331367459134e-02	-2.193397e+01
3.481190742459134e-02	-2.196160e+01
3.487050117459134e-02	-2.198180e+01
3.492909492459134e-02	-2.199454e+01
3.498768867459134e-02	-2.199984e+01
3.504628242459135e-02	-2.199767e+01
3.510487617459135e-02	-2.198806e+01
3.516346992459135e-02	-2.197099e+01
3.522206367459135e-02	-2.194649e+01
3.528065742459136e-02	-2.191454e+01
3.533925117459136e-02	-2.187517e+01
3.539784492459136e-02	-2.182838e+01
3.545643867459136e-02	-2.177421e+01
3.551503242459136e-02	-2.171265e+01
3.557362617459137e-02	-2.164373e+01
3.563221992459137e-02	-2.156749e+01
3.569081367459137e-02	-2.148393e+01
3.574940742459137e-02	-2.139309e+01
3.580800117459138e-02	-2.129501e+01
3.586659492459138e-02	-2.118971e+01
3.592518867459138e-02	-2.107723e+01
3.598378242459138e-02	-2.095761e+01
3.604237617459138e-02	-2.083089e+01
3.610096992459139e-02	-2.069711e+01
3.615956367459139e-02	-2.055631e+01
3.621815742459139e-02	-2.040855e+01
3.627675117459139e-02	-2.025388e+01
3.633534492459140e-02	-2.009234e+01
3.639393867459140e-02	-1.992400e+01
3.645253242459140e-02	-1.974890e+01
3.651112617459140e-02	-1.956711e+01
3.656971992459140e-02	-1.937869e+01
3.662831367459141e-02	-1.918371e+01
3.668690742459141e-02	-1.898223e+01
3.674550117459141e-02	-1.877431e+01
3.680409492459141e-02	-1.856003e+01
3.686268867459142e-02	-1.833947e+01
3.692128242459142e-02	-1.811269e+01
3.697987617459142e-02	-1.787977e+01
3.703846992459142e-02	-1.764079e+01
3.709706367459142e-02	-1.739584e+01
3.715565742459143e-02	-1.714499e+01
3.721425117459143e-02	-1.688834e+01
3.727284492459143e-02	-1.662596e+01
3.733143867459143e-02	-1.635795e+01
3.739003242459144e-02	-1.608439e+01
3.744862617459144e-02	-1.580538e+01
3.750721992459144e-02	-1.552102e+01
3.756581367459144e-02	-1.523140e+01
3.762440742459144e-02	-1.493662e+01
3.768300117459145e-02	-1.463678e+01
3.774159492459145e-02	-1.433198e+01
3.780018867459145e-02	-1.402232e+01
3.785878242459145e-02	-1.370791e+01
3.791737617459146e-02	-1.338886e+01
3.797596992459146e-02	-1.306527e+01
3.803456367459146e-02	-1.273725e+01
3.809315742459146e-02	-1.240492e+01
3.815175117459146e-02	-1.206838e+01
3.821034492459147e-02	-1.172776e+01
3.826893867459147e-02	-1.138316e+01
3.832753242459147e-02	-1.103470e+01
3.838612617459147e-02	-1.068251e+01
3.844471992459148e-02	-1.032669e+01
3.850331367459148e-02	-9.967380e+00
3.856190742459148e-02	-9.604688e+00
3.862050117459148e-02	-9.238743e+00
3.867909492459148e-02	-8.869666e+00
3.873768867459149e-02	-8.497585e+00
3.879628242459149e-02	-8.122624e+00
3.885487617459149e-02	-7.744911e+00
3.891346992459149e-02	-7.364574e+00
3.897206367459150e-02	-6.981741e+00
3.903065742459150e-02	-6.596543e+00
3.903798164334150e-02	-6.548234e+00
3.905263008084150e-02	-6.451511e+00
3.908192695584150e-02	-6.257657e+00
3.914052070584150e-02	-5.868375e+00
3.919911445584150e-02	-5.477106e+00
3.925770820584151e-02	-5.083980e+00
3.931630195584151e-02	-4.689131e+00
3.937489570584151e-02	-4.292694e+00
3.943348945584151e-02	-3.894802e+00
3.949208320584151e-02	-3.495591e+00
3.955067695584152e-02	-3.095195e+00
3.960927070584152e-02	-2.693750e+00
3.966786445584152e-02	-2.291393e+00
3.972645820584152e-02	-1.888259e+00
3.978505195584153e-02	-1.484485e+00
3.984364570584153e-02	-1.080209e+00
3.990223945584153e-02	-6.755661e-01
3.996083320584153e-02	-2.706946e-01
4.001942695584153e-02	1.342686e-01
4.002675117459153e-02	1.848887e-01
4.004139961209154e-02	2.861255e-01
4.007069648709154e-02	4.885789e-01
4.012929023709154e-02	8.933443e-01
4.018788398709154e-02	1.297807e+00
4.024647773709154e-02	1.701830e+00
4.030507148709155e-02	2.105276e+00
4.036366523709155e-02	2.508009e+00
4.042225898709155e-02	2.909893e+00
4.048085273709155e-02	3.310790e+00
4.053944648709155e-02	3.710565e+00
4.059804023709156e-02	4.109083e+00
4.065663398709156e-02	4.506209e+00
4.071522773709156e-02	4.901808e+00
4.077382148709156e-02	5.295746e+00
4.083241523709157e-02	5.687890e+00
4.089100898709157e-02	6.078106e+00
4.094960273709157e-02	6.466263e+00
4.100819648709157e-02	6.852229e+00
4.106679023709157e-02	7.235873e+00
4.112538398709158e-02	7.617065e+00
4.118397773709158e-02	7.995677e+00
4.124257148709158e-02	8.371578e+00
4.130116523709158e-02	8.744644e+00
4.135975898709159e-02	9.114747e+00
4.141835273709159e-02	9.481761e+00
4.147694648709159e-02	9.845562e+00
4.153554023709159e-02	1.020603e+01
4.159413398709159e-02	1.056304e+01
4.165272773709160e-02	1.091646e+01
4.171132148709160e-02	1.126619e+01
4.176991523709160e-02	1.161210e+01
4.182850898709160e-02	1.195408e+01
4.188710273709161e-02	1.229201e+01
4.194569648709161e-02	1.262577e+01
4.200429023709161e-02	1.295525e+01
4.206288398709161e-02	1.328035e+01
4.212147773709161e-02	1.360094e+01
4.218007148709162e-02	1.391693e+01
4.223866523709162e-02	1.422820e+01
4.229725898709162e-02	1.453465e+01
4.235585273709162e-02	1.483617e+01
4.241444648709163e-02	1.513267e+01
4.247304023709163e-02	1.542404e+01
4.253163398709163e-02	1.571018e+01
4.259022773709163e-02	1.599100e+01
4.264882148709163e-02	1.626640e+01
4.270741523709164e-02	1.653629e+01
4.276600898709164e-02	1.680058e+01
4.282460273709164e-02	1.705917e+01
4.288319648709164e-02	1.731199e+01
4.294179023709165e-02	1.755894e+01
4.300038398709165e-02	1.779993e+01
4.305897773709165e-02	1.803490e+01
4.311757148709165e-02	1.826376e+01
4.317616523709165e-02	1.848643e+01
4.323475898709166e-02	1.870283e+01
4.329335273709166e-02	1.891290e+01
4.335194648709166e-02	1.911656e+01
4.341054023709166e-02	1.931374e+01
4.346913398709167e-02	1.950437e+01
4.352772773709167e-02	1.968840e+01
4.358632148709167e-02	1.986576e+01
4.364491523709167e-02	2.003638e+01
4.370350898709167e-02	2.020022e+01
4.376210273709168e-02	2.035721e+01
4.382069648709168e-02	2.050731e+01
4.387929023709168e-02	2.065045e+01
4.393788398709168e-02	2.078660e+01
4.399647773709169e-02	2.091571e+01
4.405507148709169e-02	2.103773e+01
4.411366523709169e-02	2.115262e+01
4.417225898709169e-02	2.126034e+01
4.423085273709169e-02	2.136086e+01
4.428944648709170e-02	2.145414e+01
4.434804023709170e-02	2.154015e+01
4.440663398709170e-02	2.161886e+01
4.446522773709170e-02	2.169025e+01
4.452382148709171e-02	2.175429e+01
4.458241523709171e-02	2.181096e+01
4.464100898709171e-02	2.186024e+01
4.469960273709171e-02	2.190211e+01
4.475819648709171e-02	2.193655e+01
4.481679023709172e-02	2.196357e+01
4.487538398709172e-02	2.198314e+01
4.493397773709172e-02	2.199527e+01
4.499257148709172e-02	2.199994e+01
4.505116523709173e-02	2.199716e+01
4.510975898709173e-02	2.198692e+01
4.516835273709173e-02	2.196924e+01
4.522694648709173e-02	2.194411e+01
4.528554023709173e-02	2.191154e+01
4.534413398709174e-02	2.187155e+01
4.540272773709174e-02	2.182415e+01
4.546132148709174e-02	2.176936e+01
4.551991523709174e-02	2.170719e+01
4.557850898709175e-02	2.163766e+01
4.563710273709175e-02	2.156080e+01
4.569569648709175e-02	2.147664e+01
4.575429023709175e-02	2.138520e+01
4.581288398709175e-02	2.128651e+01
4.587147773709176e-02	2.118061e+01
4.593007148709176e-02	2.106753e+01
4.598866523709176e-02	2.094732e+01
4.604725898709176e-02	2.082001e+01
4.610585273709177e-02	2.068564e+01
4.616444648709177e-02	2.054426e+01
4.622304023709177e-02	2.039593e+01
4.628163398709177e-02	2.024068e+01
4.634022773709177e-02	2.007857e+01
4.639882148709178e-02	1.990966e+01
4.645741523709178e-02	1.973401e+01
4.651600898709178e-02	1.955166e+01
4.657460273709178e-02	1.936270e+01
4.663319648709179e-02	1.916717e+01
4.669179023709179e-02	1.896515e+01
4.675038398709179e-02	1.875670e+01
4.680897773709179e-02	1.854189e+01
4.686757148709179e-02	1.832081e+01
4.692616523709180e-02	1.809351e+01
4.698475898709180e-02	1.786009e+01
4.704335273709180e-02	1.762061e+01
4.710194648709180e-02	1.737516e+01
4.716054023709181e-02	1.712383e+01
4.721913398709181e-02	1.686669e+01
4.727772773709181e-02	1.660384e+01
4.733632148709181e-02	1.633536e+01
4.739491523709181e-02	1.606135e+01
4.745350898709182e-02	1.578189e+01
4.751210273709182e-02	1.549709e+01
4.757069648709182e-02	1.520704e+01
4.762929023709182e-02	1.491183e+01
4.768788398709183e-02	1.461157e+01
4.774647773709183e-02	1.430636e+01
4.780507148709183e-02	1.399630e+01
4.786366523709183e-02	1.368150e+01
4.792225898709183e-02	1.336207e+01
4.798085273709184e-02	1.303810e+01
4.803944648709184e-02	1.270972e+01
4.809804023709184e-02	1.237704e+01
4.815663398709184e-02	1.204015e+01
4.821522773709185e-02	1.169919e+01
4.827382148709185e-02	1.135427e+01
4.833241523709185e-02	1.100550e+01
4.839100898709185e-02	1.065299e+01
4.844960273709185e-02	1.029688e+01
4.850819648709186e-02	9.937283e+00
4.856679023709186e-02	9.574315e+00
4.862538398709186e-02	9.208104e+00
4.868397773709186e-02	8.838773e+00
4.874257148709187e-02	8.466447e+00
4.880116523709187e-02	8.091251e+00
4.885975898709187e-02	7.713315e+00
4.891835273709187e-02	7.332765e+00
4.897694648709187e-02	6.949730e+00
4.903554023709188e-02	6.564341e+00
4.909413398709188e-02	6.176727e+00
4.915272773709188e-02	5.787020e+00
4.921132148709188e-02	5.395353e+00
4.926991523709189e-02	5.001857e+00
4.932850898709189e-02	4.606667e+00
4.933583320584189e-02	4.557156e+00
4.935048164334189e-02	4.458061e+00
4.937977851834189e-02	4.259590e+00
4.943837226834189e-02	3.861583e+00
4.949696601834189e-02	3.462268e+00
4.955555976834190e-02	3.061779e+00
4.961415351834190e-02	2.660254e+00
4.967274726834190e-02	2.257826e+00
4.973134101834190e-02	1.854634e+00
4.978993476834190e-02	1.450813e+00
4.984852851834191e-02	1.046501e+00
4.990712226834191e-02	6.418337e-01
4.996571601834191e-02	2.369493e-01
5.002430976834191e-02	-1.680154e-01
5.008290351834192e-02	-5.729232e-01
5.014149726834192e-02	-9.776369e-01
5.020009101834192e-02	-1.382019e+00
5.025868476834192e-02	-1.785933e+00
5.031727851834192e-02	-2.189242e+00
5.037587226834193e-02	-2.591810e+00
5.043446601834193e-02	-2.993499e+00
5.049305976834193e-02	-3.394173e+00
5.055165351834193e-02	-3.793698e+00
5.061024726834194e-02	-4.191937e+00
5.066884101834194e-02	-4.588756e+00
5.072743476834194e-02	-4.984020e+00
5.078602851834194e-02	-5.377595e+00
5.084462226834194e-02	-5.769348e+00
5.090321601834195e-02	-6.159146e+00
5.096180976834195e-02	-6.546857e+00
5.102040351834195e-02	-6.932350e+00
5.107899726834195e-02	-7.315495e+00
5.113759101834196e-02	-7.696159e+00
5.119618476834196e-02	-8.074217e+00
5.125477851834196e-02	-8.449539e+00
5.131337226834196e-02	-8.821998e+00
5.137196601834196e-02	-9.191467e+00
5.143055976834197e-02	-9.557822e+00
5.148915351834197e-02	-9.920938e+00
5.154774726834197e-02	-1.028069e+01
5.160634101834197e-02	-1.063696e+01
5.166493476834198e-02	-1.098963e+01
5.172352851834198e-02	-1.133858e+01
5.178212226834198e-02	-1.168368e+01
5.184071601834198e-02	-1.202482e+01
5.189930976834198e-02	-1.236189e+01
5.195790351834199e-02	-1.269477e+01
5.201649726834199e-02	-1.302335e+01
5.207509101834199e-02	-1.334751e+01
5.213368476834199e-02	-1.366715e+01
5.219227851834200e-02	-1.398217e+01
5.225087226834200e-02	-1.429244e+01
5.230946601834200e-02	-1.459787e+01
5.236805976834200e-02	-1.489836e+01
5.242665351834200e-02	-1.519379e+01
5.248524726834201e-02	-1.548408e+01
5.254384101834201e-02	-1.576913e+01
5.260243476834201e-02	-1.604882e+01
5.266102851834201e-02	-1.632309e+01
5.271962226834202e-02	-1.659182e+01
5.277821601834202e-02	-1.685493e+01
5.283680976834202e-02	-1.711232e+01
5.289540351834202e-02	-1.736392e+01
5.295399726834202e-02	-1.760964e+01
5.301259101834203e-02	-1.784938e+01
5.307118476834203e-02	-1.808309e+01
5.312977851834203e-02	-1.831066e+01
5.318837226834203e-02	-1.853203e+01
5.324696601834204e-02	-1.874712e+01
5.330555976834204e-02	-1.895586e+01
5.336415351834204e-02	-1.915817e+01
5.342274726834204e-02	-1.935399e+01
5.348134101834204e-02	-1.954326e+01
5.353993476834205e-02	-1.972590e+01
5.359852851834205e-02	-1.990186e+01
5.365712226834205e-02	-2.007108e+01
5.371571601834205e-02	-2.023349e+01
5.377430976834206e-02	-2.038905e+01
5.383290351834206e-02	-2.053770e+01
5.389149726834206e-02	-2.067940e+01
5.395009101834206e-02	-2.081408e+01
5.400868476834206e-02	-2.094171e+01
5.406727851834207e-02	-2.106225e+01
5.412587226834207e-02	-2.117565e+01
5.418446601834207e-02	-2.128188e+01
5.424305976834207e-02	-2.138089e+01
5.430165351834208e-02	-2.147266e+01
5.436024726834208e-02	-2.155715e+01
5.441884101834208e-02	-2.163434e+01
5.447743476834208e-02	-2.170420e+01
5.453602851834208e-02	-2.176670e+01
5.459462226834209e-02	-2.182183e+01
5.465321601834209e-02	-2.186957e+01
5.471180976834209e-02	-2.190989e+01
5.477040351834209e-02	-2.194279e+01
5.482899726834210e-02	-2.196826e+01
5.488759101834210e-02	-2.198628e+01
5.494618476834210e-02	-2.199686e+01
5.500477851834210e-02	-2.199998e+01
5.506337226834210e-02	-2.199564e+01
5.512196601834211e-02	-2.198385e+01
5.518055976834211e-02	-2.196461e+01
5.523915351834211e-02	-2.193793e+01
5.529774726834211e-02	-2.190382e+01
5.535634101834212e-02	-2.186229e+01
5.541493476834212e-02	-2.181335e+01
5.547352851834212e-02	-2.175701e+01
5.553212226834212e-02	-2.169331e+01
5.559071601834212e-02	-2.162225e+01
5.564930976834213e-02	-2.154387e+01
5.570790351834213e-02	-2.145819e+01
5.576649726834213e-02	-2.136523e+01
5.582509101834213e-02	-2.126504e+01
5.588368476834214e-02	-2.115764e+01
5.594227851834214e-02	-2.104308e+01
5.600087226834214e-02	-2.092138e+01
5.605946601834214e-02	-2.079259e+01
5.611805976834214e-02	-2.065676e+01
5.617665351834215e-02	-2.051393e+01
5.623524726834215e-02	-2.036415e+01
5.629384101834215e-02	-2.020747e+01
5.635243476834215e-02	-2.004394e+01
5.641102851834216e-02	-1.987362e+01
5.646962226834216e-02	-1.969657e+01
5.652821601834216e-02	-1.951284e+01
5.658680976834216e-02	-1.932250e+01
5.664540351834216e-02	-1.912561e+01
5.670399726834217e-02	-1.892225e+01
5.676259101834217e-02	-1.871247e+01
5.682118476834217e-02	-1.849635e+01
5.687977851834217e-02	-1.827396e+01
5.693837226834218e-02	-1.804538e+01
5.699696601834218e-02	-1.781069e+01
5.705555976834218e-02	-1.756996e+01
5.711415351834218e-02	-1.732328e+01
5.717274726834218e-02	-1.707073e+01
5.723134101834219e-02	-1.681240e+01
5.728993476834219e-02	-1.654837e+01
5.734852851834219e-02	-1.627873e+01
5.740712226834219e-02	-1.600357e+01
5.746571601834220e-02	-1.572300e+01
5.752430976834220e-02	-1.543709e+01
5.758290351834220e-02	-1.514596e+01
5.764149726834220e-02	-1.484969e+01
5.770009101834220e-02	-1.454839e+01
5.775868476834221e-02	-1.424216e+01
5.781727851834221e-02	-1.393111e+01
5.787587226834221e-02	-1.361533e+01
5.793446601834221e-02	-1.329494e+01
5.799305976834222e-02	-1.297005e+01
5.805165351834222e-02	-1.264076e+01
5.811024726834222e-02	-1.230719e+01
5.816884101834222e-02	-1.196945e+01
5.822743476834222e-02	-1.162766e+01
5.828602851834223e-02	-1.128192e+01
5.834462226834223e-02	-1.093236e+01
5.840321601834223e-02	-1.057910e+01
5.846180976834223e-02	-1.022225e+01
5.852040351834224e-02	-9.861938e+00
5.857899726834224e-02	-9.498284e+00
5.863759101834224e-02	-9.131413e+00
5.869618476834224e-02	-8.761448e+00
5.875477851834224e-02	-8.388514e+00
5.881337226834225e-02	-8.012736e+00
5.887196601834225e-02	-7.634245e+00
5.893055976834225e-02	-7.253167e+00
5.898915351834225e-02	-6.869631e+00
5.904774726834226e-02	-6.483767e+00
5.905507148709226e-02	-6.435377e+00
5.906971992459226e-02	-6.338495e+00
5.909901679959226e-02	-6.144330e+00
5.915761054959226e-02	-5.754455e+00
5.921620429959226e-02	-5.362629e+00
5.927479804959226e-02	-4.968987e+00
5.933339179959227e-02	-4.573662e+00
5.939198554959227e-02	-4.176786e+00
5.945057929959227e-02	-3.778496e+00
5.950917304959227e-02	-3.378925e+00
5.956776679959228e-02	-2.978209e+00
5.962636054959228e-02	-2.576484e+00
5.968495429959228e-02	-2.173886e+00
5.974354804959228e-02	-1.770552e+00
5.980214179959228e-02	-1.366617e+00
5.986073554959229e-02	-9.622197e-01
5.991932929959229e-02	-5.574962e-01
5.997792304959229e-02	-1.525837e-01
6.000000000000000e-02	-1.616534e-14
