time	V(v1)
0.000000000000000e+00	0.000000e+00
5.859375207251105e-10	4.049709e-06
1.171875041450221e-09	8.099419e-06
2.343750082900442e-09	1.619884e-05
4.687500165800884e-09	3.239767e-05
9.375000331601768e-09	6.479535e-05
1.875000066320354e-08	1.295907e-04
3.750000132640707e-08	2.591814e-04
7.500000265281415e-08	5.183628e-04
1.500000053056283e-07	1.036726e-03
3.000000106112566e-07	2.073451e-03
6.000000212225132e-07	4.146902e-03
1.200000042445026e-06	8.293805e-03
2.400000084890053e-06	1.658761e-02
4.800000169780105e-06	3.317521e-02
9.600000339560211e-06	6.635034e-02
1.920000067912042e-05	1.327001e-01
3.840000135824084e-05	2.653953e-01
7.680000271648169e-05	5.307520e-01
1.353937527164817e-04	9.354923e-01
1.939875027164817e-04	1.339916e+00
2.525812527164817e-04	1.743885e+00
3.111750027164817e-04	2.147263e+00
3.697687527164817e-04	2.549914e+00
4.283625027164817e-04	2.951701e+00
4.869562527164817e-04	3.352488e+00
5.455500027164817e-04	3.752138e+00
6.041437527164817e-04	4.150517e+00
6.627375027164818e-04	4.547491e+00
7.213312527164818e-04	4.942923e+00
7.799250027164819e-04	5.336680e+00
8.385187527164819e-04	5.728629e+00
8.971125027164820e-04	6.118637e+00
9.557062527164820e-04	6.506572e+00
1.014300002716482e-03	6.892302e+00
1.072893752716482e-03	7.275697e+00
1.131487502716482e-03	7.656626e+00
1.190081252716482e-03	8.034962e+00
1.248675002716482e-03	8.410574e+00
1.307268752716482e-03	8.783337e+00
1.365862502716482e-03	9.153124e+00
1.424456252716482e-03	9.519809e+00
1.483050002716483e-03	9.883268e+00
1.541643752716483e-03	1.024338e+01
1.600237502716483e-03	1.060002e+01
1.658831252716483e-03	1.095307e+01
1.717425002716483e-03	1.130240e+01
1.776018752716483e-03	1.164791e+01
1.834612502716483e-03	1.198947e+01
1.893206252716483e-03	1.232697e+01
1.951800002716483e-03	1.266029e+01
2.010393752716483e-03	1.298932e+01
2.068987502716483e-03	1.331395e+01
2.127581252716483e-03	1.363407e+01
2.186175002716483e-03	1.394957e+01
2.244768752716483e-03	1.426034e+01
2.303362502716483e-03	1.456629e+01
2.361956252716483e-03	1.486729e+01
2.420550002716483e-03	1.516326e+01
2.479143752716483e-03	1.545409e+01
2.537737502716483e-03	1.573968e+01
2.596331252716483e-03	1.601994e+01
2.654925002716484e-03	1.629477e+01
2.713518752716484e-03	1.656409e+01
2.772112502716484e-03	1.682778e+01
2.830706252716484e-03	1.708578e+01
2.889300002716484e-03	1.733799e+01
2.947893752716484e-03	1.758432e+01
3.006487502716484e-03	1.782469e+01
3.065081252716484e-03	1.805903e+01
3.123675002716484e-03	1.828724e+01
3.182268752716484e-03	1.850926e+01
3.240862502716484e-03	1.872501e+01
3.299456252716484e-03	1.893441e+01
3.358050002716484e-03	1.913740e+01
3.416643752716484e-03	1.933390e+01
3.475237502716484e-03	1.952385e+01
3.533831252716484e-03	1.970719e+01
3.592425002716484e-03	1.988385e+01
3.651018752716484e-03	2.005377e+01
3.709612502716484e-03	2.021689e+01
3.768206252716485e-03	2.037317e+01
3.826800002716485e-03	2.052254e+01
3.885393752716485e-03	2.066496e+01
3.943987502716484e-03	2.080038e+01
4.002581252716484e-03	2.092875e+01
4.061175002716483e-03	2.105003e+01
4.119768752716483e-03	2.116417e+01
4.178362502716483e-03	2.127115e+01
4.236956252716482e-03	2.137091e+01
4.295550002716482e-03	2.146344e+01
4.354143752716482e-03	2.154869e+01
4.412737502716481e-03	2.162664e+01
4.471331252716481e-03	2.169727e+01
4.529925002716480e-03	2.176054e+01
4.588518752716480e-03	2.181644e+01
4.647112502716480e-03	2.186494e+01
4.705706252716479e-03	2.190604e+01
4.764300002716479e-03	2.193971e+01
4.822893752716479e-03	2.196596e+01
4.881487502716478e-03	2.198475e+01
4.940081252716478e-03	2.199610e+01
4.998675002716477e-03	2.200000e+01
5.057268752716477e-03	2.199644e+01
5.115862502716477e-03	2.198543e+01
5.174456252716476e-03	2.196697e+01
5.233050002716476e-03	2.194106e+01
5.291643752716475e-03	2.190772e+01
5.350237502716475e-03	2.186696e+01
5.408831252716475e-03	2.181879e+01
5.467425002716474e-03	2.176323e+01
5.526018752716474e-03	2.170029e+01
5.584612502716474e-03	2.163000e+01
5.643206252716473e-03	2.155237e+01
5.701800002716473e-03	2.146745e+01
5.760393752716472e-03	2.137525e+01
5.818987502716472e-03	2.127581e+01
5.877581252716472e-03	2.116917e+01
5.936175002716471e-03	2.105534e+01
5.994768752716471e-03	2.093439e+01
6.053362502716471e-03	2.080634e+01
6.111956252716470e-03	2.067124e+01
6.170550002716470e-03	2.052913e+01
6.229143752716469e-03	2.038008e+01
6.287737502716469e-03	2.022411e+01
6.346331252716469e-03	2.006129e+01
6.404925002716468e-03	1.989168e+01
6.463518752716468e-03	1.971532e+01
6.522112502716467e-03	1.953229e+01
6.580706252716467e-03	1.934263e+01
6.639300002716467e-03	1.914643e+01
6.697893752716466e-03	1.894373e+01
6.756487502716466e-03	1.873462e+01
6.815081252716466e-03	1.851916e+01
6.873675002716465e-03	1.829742e+01
6.932268752716465e-03	1.806948e+01
6.990862502716464e-03	1.783542e+01
7.049456252716464e-03	1.759532e+01
7.108050002716464e-03	1.734925e+01
7.166643752716463e-03	1.709731e+01
7.225237502716463e-03	1.683957e+01
7.283831252716462e-03	1.657613e+01
7.342425002716462e-03	1.630707e+01
7.401018752716462e-03	1.603249e+01
7.459612502716461e-03	1.575247e+01
7.518206252716461e-03	1.546712e+01
7.576800002716461e-03	1.517652e+01
7.635393752716460e-03	1.488079e+01
7.693987502716460e-03	1.458001e+01
7.752581252716459e-03	1.427429e+01
7.811175002716459e-03	1.396373e+01
7.869768752716460e-03	1.364844e+01
7.928362502716460e-03	1.332853e+01
7.986956252716461e-03	1.300410e+01
8.045550002716461e-03	1.267527e+01
8.104143752716461e-03	1.234214e+01
8.162737502716462e-03	1.200482e+01
8.221331252716462e-03	1.166345e+01
8.279925002716463e-03	1.131811e+01
8.338518752716463e-03	1.096895e+01
8.397112502716464e-03	1.061607e+01
8.455706252716464e-03	1.025958e+01
8.514300002716465e-03	9.899629e+00
8.572893752716465e-03	9.536318e+00
8.631487502716466e-03	9.169775e+00
8.690081252716466e-03	8.800126e+00
8.748675002716467e-03	8.427495e+00
8.807268752716467e-03	8.052009e+00
8.865862502716468e-03	7.673794e+00
8.924456252716468e-03	7.292979e+00
8.983050002716469e-03	6.909693e+00
9.041643752716469e-03	6.524066e+00
9.048967971466470e-03	6.475704e+00
9.063616408966470e-03	6.378879e+00
9.092913283966469e-03	6.184824e+00
9.151507033966470e-03	5.795160e+00
9.210100783966470e-03	5.403532e+00
9.268694533966471e-03	5.010073e+00
9.327288283966471e-03	4.614916e+00
9.385882033966472e-03	4.218196e+00
9.444475783966472e-03	3.820047e+00
9.503069533966473e-03	3.420603e+00
9.561663283966473e-03	3.020000e+00
9.620257033966474e-03	2.618374e+00
9.678850783966474e-03	2.215860e+00
9.737444533966475e-03	1.812596e+00
9.796038283966475e-03	1.408718e+00
9.854632033966476e-03	1.004362e+00
9.913225783966476e-03	5.996661e-01
9.971819533966477e-03	1.947668e-01
1.003041328396648e-02	-2.101983e-01
1.008900703396648e-02	-6.150923e-01
1.014760078396648e-02	-1.019778e+00
1.020619453396648e-02	-1.424118e+00
1.026478828396648e-02	-1.827975e+00
1.032338203396648e-02	-2.231213e+00
1.038197578396648e-02	-2.633695e+00
1.044056953396648e-02	-3.035285e+00
1.049916328396648e-02	-3.435846e+00
1.055775703396648e-02	-3.835243e+00
1.061635078396648e-02	-4.233341e+00
1.067494453396648e-02	-4.630004e+00
1.073353828396648e-02	-5.025098e+00
1.079213203396648e-02	-5.418490e+00
1.085072578396648e-02	-5.810045e+00
1.090931953396648e-02	-6.199632e+00
1.096791328396649e-02	-6.587119e+00
1.102650703396649e-02	-6.972373e+00
1.108510078396649e-02	-7.355265e+00
1.114369453396649e-02	-7.735664e+00
1.120228828396649e-02	-8.113443e+00
1.126088203396649e-02	-8.488472e+00
1.131947578396649e-02	-8.860625e+00
1.137806953396649e-02	-9.229776e+00
1.143666328396649e-02	-9.595799e+00
1.149525703396649e-02	-9.958571e+00
1.155385078396649e-02	-1.031797e+01
1.161244453396649e-02	-1.067387e+01
1.167103828396649e-02	-1.102616e+01
1.172963203396649e-02	-1.137471e+01
1.178822578396649e-02	-1.171940e+01
1.184681953396649e-02	-1.206012e+01
1.190541328396649e-02	-1.239676e+01
1.196400703396649e-02	-1.272920e+01
1.202260078396649e-02	-1.305732e+01
1.208119453396649e-02	-1.338102e+01
1.213978828396649e-02	-1.370019e+01
1.219838203396650e-02	-1.401471e+01
1.225697578396650e-02	-1.432448e+01
1.231556953396650e-02	-1.462941e+01
1.237416328396650e-02	-1.492937e+01
1.243275703396650e-02	-1.522427e+01
1.249135078396650e-02	-1.551402e+01
1.254994453396650e-02	-1.579851e+01
1.260853828396650e-02	-1.607765e+01
1.266713203396650e-02	-1.635134e+01
1.272572578396650e-02	-1.661949e+01
1.278431953396650e-02	-1.688200e+01
1.284291328396650e-02	-1.713880e+01
1.290150703396650e-02	-1.738979e+01
1.296010078396650e-02	-1.763489e+01
1.301869453396650e-02	-1.787401e+01
1.307728828396650e-02	-1.810708e+01
1.313588203396650e-02	-1.833401e+01
1.319447578396650e-02	-1.855473e+01
1.325306953396650e-02	-1.876916e+01
1.331166328396650e-02	-1.897723e+01
1.337025703396650e-02	-1.917887e+01
1.342885078396651e-02	-1.937402e+01
1.348744453396651e-02	-1.956260e+01
1.354603828396651e-02	-1.974454e+01
1.360463203396651e-02	-1.991981e+01
1.366322578396651e-02	-2.008832e+01
1.372181953396651e-02	-2.025002e+01
1.378041328396651e-02	-2.040486e+01
1.383900703396651e-02	-2.055279e+01
1.389760078396651e-02	-2.069375e+01
1.395619453396651e-02	-2.082771e+01
1.401478828396651e-02	-2.095460e+01
1.407338203396651e-02	-2.107440e+01
1.413197578396651e-02	-2.118705e+01
1.419056953396651e-02	-2.129253e+01
1.424916328396651e-02	-2.139079e+01
1.430775703396651e-02	-2.148180e+01
1.436635078396651e-02	-2.156553e+01
1.442494453396651e-02	-2.164196e+01
1.448353828396651e-02	-2.171105e+01
1.454213203396651e-02	-2.177279e+01
1.460072578396652e-02	-2.182715e+01
1.465931953396652e-02	-2.187411e+01
1.471791328396652e-02	-2.191367e+01
1.477650703396652e-02	-2.194580e+01
1.483510078396652e-02	-2.197049e+01
1.489369453396652e-02	-2.198773e+01
1.495228828396652e-02	-2.199753e+01
1.501088203396652e-02	-2.199987e+01
1.506947578396652e-02	-2.199476e+01
1.512806953396652e-02	-2.198219e+01
1.518666328396652e-02	-2.196218e+01
1.524525703396652e-02	-2.193473e+01
1.530385078396652e-02	-2.189984e+01
1.536244453396652e-02	-2.185754e+01
1.542103828396652e-02	-2.180782e+01
1.547963203396652e-02	-2.175072e+01
1.553822578396652e-02	-2.168625e+01
1.559681953396652e-02	-2.161443e+01
1.565541328396652e-02	-2.153528e+01
1.571400703396652e-02	-2.144884e+01
1.577260078396652e-02	-2.135513e+01
1.583119453396652e-02	-2.125419e+01
1.588978828396652e-02	-2.114604e+01
1.594838203396652e-02	-2.103073e+01
1.600697578396652e-02	-2.090829e+01
1.606556953396652e-02	-2.077877e+01
1.612416328396651e-02	-2.064221e+01
1.618275703396651e-02	-2.049865e+01
1.624135078396651e-02	-2.034815e+01
1.629994453396651e-02	-2.019075e+01
1.635853828396651e-02	-2.002652e+01
1.641713203396651e-02	-1.985549e+01
1.647572578396651e-02	-1.967774e+01
1.653431953396651e-02	-1.949332e+01
1.659291328396650e-02	-1.930230e+01
1.665150703396650e-02	-1.910473e+01
1.671010078396650e-02	-1.890069e+01
1.676869453396650e-02	-1.869025e+01
1.682728828396650e-02	-1.847347e+01
1.688588203396650e-02	-1.825044e+01
1.694447578396650e-02	-1.802122e+01
1.700306953396650e-02	-1.778590e+01
1.706166328396649e-02	-1.754454e+01
1.712025703396649e-02	-1.729725e+01
1.717885078396649e-02	-1.704409e+01
1.723744453396649e-02	-1.678516e+01
1.729603828396649e-02	-1.652054e+01
1.735463203396649e-02	-1.625032e+01
1.741322578396649e-02	-1.597460e+01
1.747181953396649e-02	-1.569346e+01
1.753041328396648e-02	-1.540701e+01
1.758900703396648e-02	-1.511533e+01
1.764760078396648e-02	-1.481854e+01
1.770619453396648e-02	-1.451672e+01
1.776478828396648e-02	-1.420998e+01
1.782338203396648e-02	-1.389843e+01
1.788197578396648e-02	-1.358217e+01
1.794056953396648e-02	-1.326131e+01
1.799916328396647e-02	-1.293595e+01
1.805775703396647e-02	-1.260621e+01
1.811635078396647e-02	-1.227220e+01
1.817494453396647e-02	-1.193404e+01
1.823353828396647e-02	-1.159182e+01
1.829213203396647e-02	-1.124568e+01
1.835072578396647e-02	-1.089573e+01
1.840931953396647e-02	-1.054209e+01
1.846791328396646e-02	-1.018488e+01
1.852650703396646e-02	-9.824211e+00
1.858510078396646e-02	-9.460217e+00
1.864369453396646e-02	-9.093018e+00
1.870228828396646e-02	-8.722736e+00
1.876088203396646e-02	-8.349501e+00
1.881947578396646e-02	-7.973435e+00
1.887806953396646e-02	-7.594668e+00
1.893666328396645e-02	-7.213327e+00
1.899525703396645e-02	-6.829543e+00
1.905385078396645e-02	-6.443444e+00
1.911244453396645e-02	-6.055162e+00
1.917103828396645e-02	-5.664829e+00
1.922963203396645e-02	-5.272576e+00
1.928822578396645e-02	-4.878536e+00
1.929555000271645e-02	-4.829162e+00
1.931019844021645e-02	-4.730338e+00
1.933949531521645e-02	-4.532391e+00
1.939808906521645e-02	-4.135362e+00
1.945668281521645e-02	-3.736931e+00
1.951527656521644e-02	-3.337235e+00
1.957387031521644e-02	-2.936408e+00
1.963246406521644e-02	-2.534585e+00
1.969105781521644e-02	-2.131904e+00
1.974965156521644e-02	-1.728501e+00
1.980824531521644e-02	-1.324512e+00
1.986683906521644e-02	-9.200739e-01
1.992543281521644e-02	-5.153242e-01
1.998402656521643e-02	-1.104000e-01
1.999135078396643e-02	-5.977901e-02
2.000599922146644e-02	4.146362e-02
2.003529609646644e-02	2.439441e-01
2.009388984646644e-02	6.488259e-01
2.015248359646643e-02	1.053488e+00
2.021107734646643e-02	1.457793e+00
2.026967109646643e-02	1.861604e+00
2.032826484646643e-02	2.264784e+00
2.038685859646643e-02	2.667197e+00
2.044545234646643e-02	3.068706e+00
2.050404609646643e-02	3.469176e+00
2.056263984646643e-02	3.868470e+00
2.062123359646642e-02	4.266453e+00
2.067982734646642e-02	4.662990e+00
2.073842109646642e-02	5.057948e+00
2.079701484646642e-02	5.451191e+00
2.085560859646642e-02	5.842588e+00
2.091420234646642e-02	6.232005e+00
2.097279609646642e-02	6.619310e+00
2.103138984646642e-02	7.004373e+00
2.108998359646641e-02	7.387062e+00
2.114857734646641e-02	7.767248e+00
2.120717109646641e-02	8.144802e+00
2.126576484646641e-02	8.519597e+00
2.132435859646641e-02	8.891504e+00
2.138295234646641e-02	9.260400e+00
2.144154609646641e-02	9.626157e+00
2.150013984646641e-02	9.988652e+00
2.155873359646640e-02	1.034776e+01
2.161732734646640e-02	1.070337e+01
2.167592109646640e-02	1.105535e+01
2.173451484646640e-02	1.140358e+01
2.179310859646640e-02	1.174795e+01
2.185170234646640e-02	1.208833e+01
2.191029609646640e-02	1.242463e+01
2.196888984646640e-02	1.275671e+01
2.202748359646639e-02	1.308447e+01
2.208607734646639e-02	1.340779e+01
2.214467109646639e-02	1.372657e+01
2.220326484646639e-02	1.404071e+01
2.226185859646639e-02	1.435008e+01
2.232045234646639e-02	1.465459e+01
2.237904609646639e-02	1.495414e+01
2.243763984646639e-02	1.524862e+01
2.249623359646638e-02	1.553793e+01
2.255482734646638e-02	1.582198e+01
2.261342109646638e-02	1.610067e+01
2.267201484646638e-02	1.637390e+01
2.273060859646638e-02	1.664158e+01
2.278920234646638e-02	1.690362e+01
2.284779609646638e-02	1.715994e+01
2.290638984646638e-02	1.741044e+01
2.296498359646637e-02	1.765505e+01
2.302357734646637e-02	1.789367e+01
2.308217109646637e-02	1.812622e+01
2.314076484646637e-02	1.835264e+01
2.319935859646637e-02	1.857284e+01
2.325795234646637e-02	1.878674e+01
2.331654609646637e-02	1.899428e+01
2.337513984646637e-02	1.919538e+01
2.343373359646636e-02	1.938998e+01
2.349232734646636e-02	1.957801e+01
2.355092109646636e-02	1.975941e+01
2.360951484646636e-02	1.993411e+01
2.366810859646636e-02	2.010205e+01
2.372670234646636e-02	2.026319e+01
2.378529609646636e-02	2.041745e+01
2.384388984646636e-02	2.056480e+01
2.390248359646635e-02	2.070518e+01
2.396107734646635e-02	2.083855e+01
2.401967109646635e-02	2.096486e+01
2.407826484646635e-02	2.108406e+01
2.413685859646635e-02	2.119612e+01
2.419545234646635e-02	2.130099e+01
2.425404609646635e-02	2.139865e+01
2.431263984646635e-02	2.148906e+01
2.437123359646634e-02	2.157218e+01
2.442982734646634e-02	2.164800e+01
2.448842109646634e-02	2.171648e+01
2.454701484646634e-02	2.177760e+01
2.460560859646634e-02	2.183135e+01
2.466420234646634e-02	2.187770e+01
2.472279609646634e-02	2.191663e+01
2.478138984646634e-02	2.194814e+01
2.483998359646633e-02	2.197221e+01
2.489857734646633e-02	2.198883e+01
2.495717109646633e-02	2.199801e+01
2.501576484646633e-02	2.199973e+01
2.507435859646633e-02	2.199400e+01
2.513295234646633e-02	2.198081e+01
2.519154609646633e-02	2.196018e+01
2.525013984646633e-02	2.193211e+01
2.530873359646632e-02	2.189660e+01
2.536732734646632e-02	2.185368e+01
2.542592109646632e-02	2.180335e+01
2.548451484646632e-02	2.174563e+01
2.554310859646632e-02	2.168054e+01
2.560170234646632e-02	2.160811e+01
2.566029609646632e-02	2.152836e+01
2.571888984646632e-02	2.144131e+01
2.577748359646631e-02	2.134700e+01
2.583607734646631e-02	2.124545e+01
2.589467109646631e-02	2.113671e+01
2.595326484646631e-02	2.102080e+01
2.601185859646631e-02	2.089777e+01
2.607045234646631e-02	2.076766e+01
2.612904609646631e-02	2.063051e+01
2.618763984646631e-02	2.048638e+01
2.624623359646630e-02	2.033530e+01
2.630482734646630e-02	2.017733e+01
2.636342109646630e-02	2.001252e+01
2.642201484646630e-02	1.984093e+01
2.648060859646630e-02	1.966262e+01
2.653920234646630e-02	1.947765e+01
2.659779609646630e-02	1.928608e+01
2.665638984646630e-02	1.908797e+01
2.671498359646629e-02	1.888340e+01
2.677357734646629e-02	1.867243e+01
2.683217109646629e-02	1.845513e+01
2.689076484646629e-02	1.823157e+01
2.694935859646629e-02	1.800184e+01
2.700795234646629e-02	1.776601e+01
2.706654609646629e-02	1.752416e+01
2.712513984646629e-02	1.727637e+01
2.718373359646628e-02	1.702273e+01
2.724232734646628e-02	1.676332e+01
2.730092109646628e-02	1.649823e+01
2.735951484646628e-02	1.622755e+01
2.741810859646628e-02	1.595137e+01
2.747670234646628e-02	1.566979e+01
2.753529609646628e-02	1.538290e+01
2.759388984646628e-02	1.509079e+01
2.765248359646627e-02	1.479357e+01
2.771107734646627e-02	1.449134e+01
2.776967109646627e-02	1.418420e+01
2.782826484646627e-02	1.387226e+01
2.788685859646627e-02	1.355561e+01
2.794545234646627e-02	1.323437e+01
2.800404609646627e-02	1.290864e+01
2.806263984646627e-02	1.257854e+01
2.812123359646626e-02	1.224418e+01
2.817982734646626e-02	1.190567e+01
2.823842109646626e-02	1.156313e+01
2.829701484646626e-02	1.121667e+01
2.835560859646626e-02	1.086640e+01
2.841420234646626e-02	1.051246e+01
2.847279609646626e-02	1.015495e+01
2.853138984646626e-02	9.794003e+00
2.858998359646625e-02	9.429738e+00
2.864857734646625e-02	9.062277e+00
2.870717109646625e-02	8.691745e+00
2.876576484646625e-02	8.318268e+00
2.882435859646625e-02	7.941972e+00
2.888295234646625e-02	7.562986e+00
2.894154609646625e-02	7.181437e+00
2.900013984646625e-02	6.797455e+00
2.905873359646624e-02	6.411169e+00
2.906605781521624e-02	6.362728e+00
2.908070625271625e-02	6.265745e+00
2.911000312771625e-02	6.071383e+00
2.916859687771624e-02	5.681132e+00
2.922719062771624e-02	5.288956e+00
2.928578437771624e-02	4.894988e+00
2.934437812771624e-02	4.499362e+00
2.940297187771624e-02	4.102211e+00
2.946156562771624e-02	3.703670e+00
2.952015937771624e-02	3.303874e+00
2.957875312771624e-02	2.902959e+00
2.963734687771623e-02	2.501060e+00
2.969594062771623e-02	2.098313e+00
2.975453437771623e-02	1.694856e+00
2.981312812771623e-02	1.290824e+00
2.987172187771623e-02	8.863547e-01
2.993031562771623e-02	4.815853e-01
2.998890937771623e-02	7.665272e-02
2.999623359646623e-02	2.603151e-02
3.001088203396623e-02	-7.521107e-02
3.004017890896623e-02	-2.776893e-01
3.009877265896623e-02	-6.825581e-01
3.015736640896623e-02	-1.087196e+00
3.021596015896623e-02	-1.491465e+00
3.027455390896622e-02	-1.895228e+00
3.033314765896622e-02	-2.298350e+00
3.039174140896622e-02	-2.700693e+00
3.045033515896622e-02	-3.102120e+00
3.050892890896622e-02	-3.502497e+00
3.056752265896622e-02	-3.901687e+00
3.062611640896622e-02	-4.299555e+00
3.068471015896622e-02	-4.695966e+00
3.074330390896621e-02	-5.090786e+00
3.080189765896621e-02	-5.483880e+00
3.086049140896621e-02	-5.875117e+00
3.091908515896621e-02	-6.264363e+00
3.097767890896621e-02	-6.651486e+00
3.103627265896621e-02	-7.036356e+00
3.109486640896621e-02	-7.418841e+00
3.115346015896621e-02	-7.798813e+00
3.121205390896620e-02	-8.176142e+00
3.127064765896621e-02	-8.550701e+00
3.132924140896621e-02	-8.922362e+00
3.138783515896621e-02	-9.291000e+00
3.144642890896621e-02	-9.656491e+00
3.150502265896622e-02	-1.001871e+01
3.156361640896622e-02	-1.037753e+01
3.162221015896622e-02	-1.073284e+01
3.168080390896622e-02	-1.108451e+01
3.173939765896622e-02	-1.143242e+01
3.179799140896623e-02	-1.177647e+01
3.185658515896623e-02	-1.211652e+01
3.191517890896623e-02	-1.245246e+01
3.197377265896623e-02	-1.278419e+01
3.203236640896624e-02	-1.311158e+01
3.209096015896624e-02	-1.343453e+01
3.214955390896624e-02	-1.375293e+01
3.220814765896624e-02	-1.406667e+01
3.226674140896624e-02	-1.437564e+01
3.232533515896625e-02	-1.467975e+01
3.238392890896625e-02	-1.497887e+01
3.244252265896625e-02	-1.527293e+01
3.250111640896625e-02	-1.556180e+01
3.255971015896626e-02	-1.584541e+01
3.261830390896626e-02	-1.612364e+01
3.267689765896626e-02	-1.639642e+01
3.273549140896626e-02	-1.666363e+01
3.279408515896626e-02	-1.692520e+01
3.285267890896627e-02	-1.718104e+01
3.291127265896627e-02	-1.743105e+01
3.296986640896627e-02	-1.767516e+01
3.302846015896627e-02	-1.791328e+01
3.308705390896628e-02	-1.814533e+01
3.314564765896628e-02	-1.837123e+01
3.320424140896628e-02	-1.859091e+01
3.326283515896628e-02	-1.880428e+01
3.332142890896628e-02	-1.901129e+01
3.338002265896629e-02	-1.921185e+01
3.343861640896629e-02	-1.940590e+01
3.349721015896629e-02	-1.959338e+01
3.355580390896629e-02	-1.977422e+01
3.361439765896630e-02	-1.994836e+01
3.367299140896630e-02	-2.011574e+01
3.373158515896630e-02	-2.027630e+01
3.379017890896630e-02	-2.043000e+01
3.384877265896630e-02	-2.057677e+01
3.390736640896631e-02	-2.071657e+01
3.396596015896631e-02	-2.084935e+01
3.402455390896631e-02	-2.097506e+01
3.408314765896631e-02	-2.109367e+01
3.414174140896632e-02	-2.120513e+01
3.420033515896632e-02	-2.130941e+01
3.425892890896632e-02	-2.140646e+01
3.431752265896632e-02	-2.149626e+01
3.437611640896632e-02	-2.157878e+01
3.443471015896633e-02	-2.165399e+01
3.449330390896633e-02	-2.172186e+01
3.455189765896633e-02	-2.178236e+01
3.461049140896633e-02	-2.183549e+01
3.466908515896634e-02	-2.188122e+01
3.472767890896634e-02	-2.191954e+01
3.478627265896634e-02	-2.195043e+01
3.484486640896634e-02	-2.197388e+01
3.490346015896634e-02	-2.198988e+01
3.496205390896635e-02	-2.199844e+01
3.502064765896635e-02	-2.199954e+01
3.507924140896635e-02	-2.199318e+01
3.513783515896635e-02	-2.197938e+01
3.519642890896636e-02	-2.195812e+01
3.525502265896636e-02	-2.192943e+01
3.531361640896636e-02	-2.189331e+01
3.537221015896636e-02	-2.184976e+01
3.543080390896636e-02	-2.179882e+01
3.548939765896637e-02	-2.174049e+01
3.554799140896637e-02	-2.167479e+01
3.560658515896637e-02	-2.160175e+01
3.566517890896637e-02	-2.152138e+01
3.572377265896638e-02	-2.143373e+01
3.578236640896638e-02	-2.133881e+01
3.584096015896638e-02	-2.123666e+01
3.589955390896638e-02	-2.112732e+01
3.595814765896638e-02	-2.101082e+01
3.601674140896639e-02	-2.088720e+01
3.607533515896639e-02	-2.075650e+01
3.613392890896639e-02	-2.061877e+01
3.619252265896639e-02	-2.047405e+01
3.625111640896640e-02	-2.032240e+01
3.630971015896640e-02	-2.016385e+01
3.636830390896640e-02	-1.999848e+01
3.642689765896640e-02	-1.982633e+01
3.648549140896640e-02	-1.964746e+01
3.654408515896641e-02	-1.946194e+01
3.660267890896641e-02	-1.926982e+01
3.666127265896641e-02	-1.907117e+01
3.671986640896641e-02	-1.886606e+01
3.677846015896642e-02	-1.865456e+01
3.683705390896642e-02	-1.843674e+01
3.689564765896642e-02	-1.821266e+01
3.695424140896642e-02	-1.798242e+01
3.701283515896642e-02	-1.774609e+01
3.707142890896643e-02	-1.750374e+01
3.713002265896643e-02	-1.725546e+01
3.718861640896643e-02	-1.700133e+01
3.724721015896643e-02	-1.674145e+01
3.730580390896644e-02	-1.647589e+01
3.736439765896644e-02	-1.620475e+01
3.742299140896644e-02	-1.592811e+01
3.748158515896644e-02	-1.564608e+01
3.754017890896644e-02	-1.535875e+01
3.759877265896645e-02	-1.506622e+01
3.765736640896645e-02	-1.476858e+01
3.771596015896645e-02	-1.446593e+01
3.777455390896645e-02	-1.415839e+01
3.783314765896646e-02	-1.384605e+01
3.789174140896646e-02	-1.352901e+01
3.795033515896646e-02	-1.320739e+01
3.800892890896646e-02	-1.288130e+01
3.806752265896646e-02	-1.255084e+01
3.812611640896647e-02	-1.221613e+01
3.818471015896647e-02	-1.187728e+01
3.824330390896647e-02	-1.153440e+01
3.830189765896647e-02	-1.118762e+01
3.836049140896648e-02	-1.083705e+01
3.841908515896648e-02	-1.048280e+01
3.847767890896648e-02	-1.012500e+01
3.853627265896648e-02	-9.763773e+00
3.859486640896648e-02	-9.399237e+00
3.865346015896649e-02	-9.031514e+00
3.871205390896649e-02	-8.660732e+00
3.877064765896649e-02	-8.287016e+00
3.882924140896649e-02	-7.910491e+00
3.888783515896650e-02	-7.531286e+00
3.894642890896650e-02	-7.149529e+00
3.900502265896650e-02	-6.765350e+00
3.906361640896650e-02	-6.378879e+00
3.912221015896650e-02	-5.990246e+00
3.918080390896651e-02	-5.599583e+00
3.923939765896651e-02	-5.207023e+00
3.929799140896651e-02	-4.812698e+00
3.930531562771651e-02	-4.763290e+00
3.931996406521651e-02	-4.664399e+00
3.934926094021651e-02	-4.466322e+00
3.940785469021651e-02	-4.069050e+00
3.946644844021652e-02	-3.670400e+00
3.952504219021652e-02	-3.270505e+00
3.958363594021652e-02	-2.869503e+00
3.964222969021652e-02	-2.467528e+00
3.970082344021653e-02	-2.064717e+00
3.975941719021653e-02	-1.661206e+00
3.981801094021653e-02	-1.257133e+00
3.987660469021653e-02	-8.526335e-01
3.993519844021653e-02	-4.478453e-01
3.999379219021654e-02	-4.290527e-02
4.000111640896654e-02	7.716065e-03
4.001576484646654e-02	1.089583e-01
4.004506172146654e-02	3.114339e-01
4.010365547146654e-02	7.162886e-01
4.016224922146654e-02	1.120901e+00
4.022084297146655e-02	1.525133e+00
4.027943672146655e-02	1.928848e+00
4.033803047146655e-02	2.331910e+00
4.039662422146655e-02	2.734182e+00
4.045521797146655e-02	3.135527e+00
4.051381172146656e-02	3.535810e+00
4.057240547146656e-02	3.934895e+00
4.063099922146656e-02	4.332646e+00
4.068959297146656e-02	4.728930e+00
4.074818672146657e-02	5.123611e+00
4.080678047146657e-02	5.516556e+00
4.086537422146657e-02	5.907632e+00
4.092396797146657e-02	6.296706e+00
4.098256172146657e-02	6.683647e+00
4.104115547146658e-02	7.068323e+00
4.109974922146658e-02	7.450603e+00
4.115834297146658e-02	7.830360e+00
4.121693672146658e-02	8.207463e+00
4.127553047146659e-02	8.581785e+00
4.133412422146659e-02	8.953199e+00
4.139271797146659e-02	9.321580e+00
4.145131172146659e-02	9.686803e+00
4.150990547146659e-02	1.004874e+01
4.156849922146660e-02	1.040728e+01
4.162709297146660e-02	1.076229e+01
4.168568672146660e-02	1.111365e+01
4.174428047146660e-02	1.146124e+01
4.180287422146661e-02	1.180496e+01
4.186146797146661e-02	1.214467e+01
4.192006172146661e-02	1.248027e+01
4.197865547146661e-02	1.281164e+01
4.203724922146661e-02	1.313867e+01
4.209584297146662e-02	1.346124e+01
4.215443672146662e-02	1.377926e+01
4.221303047146662e-02	1.409260e+01
4.227162422146662e-02	1.440117e+01
4.233021797146663e-02	1.470487e+01
4.238881172146663e-02	1.500357e+01
4.244740547146663e-02	1.529720e+01
4.250599922146663e-02	1.558564e+01
4.256459297146663e-02	1.586880e+01
4.262318672146664e-02	1.614659e+01
4.268178047146664e-02	1.641890e+01
4.274037422146664e-02	1.668565e+01
4.279896797146664e-02	1.694674e+01
4.285756172146665e-02	1.720210e+01
4.291615547146665e-02	1.745162e+01
4.297474922146665e-02	1.769523e+01
4.303334297146665e-02	1.793285e+01
4.309193672146665e-02	1.816439e+01
4.315053047146666e-02	1.838977e+01
4.320912422146666e-02	1.860893e+01
4.326771797146666e-02	1.882178e+01
4.332631172146666e-02	1.902825e+01
4.338490547146667e-02	1.922827e+01
4.344349922146667e-02	1.942178e+01
4.350209297146667e-02	1.960871e+01
4.356068672146667e-02	1.978899e+01
4.361928047146667e-02	1.996257e+01
4.367787422146668e-02	2.012938e+01
4.373646797146668e-02	2.028938e+01
4.379506172146668e-02	2.044249e+01
4.385365547146668e-02	2.058869e+01
4.391224922146669e-02	2.072790e+01
4.397084297146669e-02	2.086009e+01
4.402943672146669e-02	2.098522e+01
4.408803047146669e-02	2.110323e+01
4.414662422146669e-02	2.121409e+01
4.420521797146670e-02	2.131777e+01
4.426381172146670e-02	2.141422e+01
4.432240547146670e-02	2.150342e+01
4.438099922146670e-02	2.158533e+01
4.443959297146671e-02	2.165992e+01
4.449818672146671e-02	2.172718e+01
4.455678047146671e-02	2.178708e+01
4.461537422146671e-02	2.183959e+01
4.467396797146671e-02	2.188470e+01
4.473256172146672e-02	2.192240e+01
4.479115547146672e-02	2.195267e+01
4.484974922146672e-02	2.197550e+01
4.490834297146672e-02	2.199088e+01
4.496693672146673e-02	2.199881e+01
4.502553047146673e-02	2.199929e+01
4.508412422146673e-02	2.199232e+01
4.514271797146673e-02	2.197789e+01
4.520131172146673e-02	2.195602e+01
4.525990547146674e-02	2.192670e+01
4.531849922146674e-02	2.188996e+01
4.537709297146674e-02	2.184580e+01
4.543568672146674e-02	2.179424e+01
4.549428047146675e-02	2.173529e+01
4.555287422146675e-02	2.166898e+01
4.561146797146675e-02	2.159533e+01
4.567006172146675e-02	2.151436e+01
4.572865547146675e-02	2.142610e+01
4.578724922146676e-02	2.133057e+01
4.584584297146676e-02	2.122783e+01
4.590443672146676e-02	2.111789e+01
4.596303047146676e-02	2.100079e+01
4.602162422146677e-02	2.087658e+01
4.608021797146677e-02	2.074529e+01
4.613881172146677e-02	2.060698e+01
4.619740547146677e-02	2.046168e+01
4.625599922146677e-02	2.030945e+01
4.631459297146678e-02	2.015033e+01
4.637318672146678e-02	1.998439e+01
4.643178047146678e-02	1.981168e+01
4.649037422146678e-02	1.963226e+01
4.654896797146679e-02	1.944618e+01
4.660756172146679e-02	1.925352e+01
4.666615547146679e-02	1.905433e+01
4.672474922146679e-02	1.884868e+01
4.678334297146679e-02	1.863665e+01
4.684193672146680e-02	1.841830e+01
4.690053047146680e-02	1.819371e+01
4.695912422146680e-02	1.796296e+01
4.701771797146680e-02	1.772612e+01
4.707631172146681e-02	1.748327e+01
4.713490547146681e-02	1.723450e+01
4.719349922146681e-02	1.697989e+01
4.725209297146681e-02	1.671953e+01
4.731068672146681e-02	1.645350e+01
4.736928047146682e-02	1.618190e+01
4.742787422146682e-02	1.590482e+01
4.748646797146682e-02	1.562234e+01
4.754506172146682e-02	1.533457e+01
4.760365547146683e-02	1.504161e+01
4.766224922146683e-02	1.474355e+01
4.772084297146683e-02	1.444049e+01
4.777943672146683e-02	1.413254e+01
4.783803047146683e-02	1.381980e+01
4.789662422146684e-02	1.350238e+01
4.795521797146684e-02	1.318039e+01
4.801381172146684e-02	1.285393e+01
4.807240547146684e-02	1.252311e+01
4.813099922146685e-02	1.218805e+01
4.818959297146685e-02	1.184886e+01
4.824818672146685e-02	1.150565e+01
4.830678047146685e-02	1.115855e+01
4.836537422146685e-02	1.080766e+01
4.842396797146686e-02	1.045312e+01
4.848256172146686e-02	1.009503e+01
4.854115547146686e-02	9.733520e+00
4.859974922146686e-02	9.368712e+00
4.865834297146687e-02	9.000731e+00
4.871693672146687e-02	8.629700e+00
4.877553047146687e-02	8.255744e+00
4.883412422146687e-02	7.878992e+00
4.889271797146687e-02	7.499569e+00
4.895131172146688e-02	7.117605e+00
4.900990547146688e-02	6.733230e+00
4.906849922146688e-02	6.346573e+00
4.907582344021688e-02	6.298087e+00
4.909047187771688e-02	6.201015e+00
4.911976875271688e-02	6.006480e+00
4.917836250271689e-02	5.615900e+00
4.923695625271689e-02	5.223416e+00
4.929555000271689e-02	4.829162e+00
4.935414375271689e-02	4.433272e+00
4.941273750271689e-02	4.035880e+00
4.947133125271690e-02	3.637121e+00
4.952992500271690e-02	3.237129e+00
4.958851875271690e-02	2.836040e+00
4.964711250271690e-02	2.433990e+00
4.970570625271691e-02	2.031116e+00
4.976430000271691e-02	1.627553e+00
4.982289375271691e-02	1.223439e+00
4.988148750271691e-02	8.189104e-01
4.994008125271691e-02	4.141042e-01
4.999867500271692e-02	9.157724e-03
5.000599922146692e-02	-4.146362e-02
5.002064765896692e-02	-1.427054e-01
5.004994453396692e-02	-3.451777e-01
5.010853828396692e-02	-7.500174e-01
5.016713203396692e-02	-1.154603e+00
5.022572578396692e-02	-1.558797e+00
5.028431953396693e-02	-1.962464e+00
5.034291328396693e-02	-2.365465e+00
5.040150703396693e-02	-2.767665e+00
5.046010078396693e-02	-3.168926e+00
5.051869453396694e-02	-3.569115e+00
5.057728828396694e-02	-3.968094e+00
5.063588203396694e-02	-4.365728e+00
5.069447578396694e-02	-4.761883e+00
5.075306953396694e-02	-5.156425e+00
5.081166328396695e-02	-5.549219e+00
5.087025703396695e-02	-5.940133e+00
5.092885078396695e-02	-6.329034e+00
5.098744453396695e-02	-6.715791e+00
5.104603828396696e-02	-7.100273e+00
5.110463203396696e-02	-7.482348e+00
5.116322578396696e-02	-7.861888e+00
5.122181953396696e-02	-8.238765e+00
5.128041328396696e-02	-8.612849e+00
5.133900703396697e-02	-8.984015e+00
5.139760078396697e-02	-9.352138e+00
5.145619453396697e-02	-9.717092e+00
5.151478828396697e-02	-1.007875e+01
5.157338203396698e-02	-1.043700e+01
5.163197578396698e-02	-1.079171e+01
5.169056953396698e-02	-1.114276e+01
5.174916328396698e-02	-1.149004e+01
5.180775703396698e-02	-1.183342e+01
5.186635078396699e-02	-1.217280e+01
5.192494453396699e-02	-1.250805e+01
5.198353828396699e-02	-1.283906e+01
5.204213203396699e-02	-1.316572e+01
5.210072578396700e-02	-1.348792e+01
5.215931953396700e-02	-1.380555e+01
5.221791328396700e-02	-1.411850e+01
5.227650703396700e-02	-1.442667e+01
5.233510078396700e-02	-1.472995e+01
5.239369453396701e-02	-1.502824e+01
5.245228828396701e-02	-1.532143e+01
5.251088203396701e-02	-1.560944e+01
5.256947578396701e-02	-1.589216e+01
5.262806953396702e-02	-1.616949e+01
5.268666328396702e-02	-1.644134e+01
5.274525703396702e-02	-1.670762e+01
5.280385078396702e-02	-1.696824e+01
5.286244453396702e-02	-1.722312e+01
5.292103828396703e-02	-1.747215e+01
5.297963203396703e-02	-1.771527e+01
5.303822578396703e-02	-1.795238e+01
5.309681953396703e-02	-1.818341e+01
5.315541328396704e-02	-1.840828e+01
5.321400703396704e-02	-1.862691e+01
5.327260078396704e-02	-1.883923e+01
5.333119453396704e-02	-1.904516e+01
5.338978828396704e-02	-1.924465e+01
5.344838203396705e-02	-1.943761e+01
5.350697578396705e-02	-1.962399e+01
5.356556953396705e-02	-1.980371e+01
5.362416328396705e-02	-1.997673e+01
5.368275703396706e-02	-2.014297e+01
5.374135078396706e-02	-2.030240e+01
5.379994453396706e-02	-2.045494e+01
5.385853828396706e-02	-2.060055e+01
5.391713203396706e-02	-2.073919e+01
5.397572578396707e-02	-2.087079e+01
5.403431953396707e-02	-2.099533e+01
5.409291328396707e-02	-2.111274e+01
5.415150703396707e-02	-2.122301e+01
5.421010078396708e-02	-2.132608e+01
5.426869453396708e-02	-2.142193e+01
5.432728828396708e-02	-2.151052e+01
5.438588203396708e-02	-2.159182e+01
5.444447578396708e-02	-2.166581e+01
5.450306953396709e-02	-2.173245e+01
5.456166328396709e-02	-2.179173e+01
5.462025703396709e-02	-2.184363e+01
5.467885078396709e-02	-2.188812e+01
5.473744453396710e-02	-2.192520e+01
5.479603828396710e-02	-2.195485e+01
5.485463203396710e-02	-2.197706e+01
5.491322578396710e-02	-2.199183e+01
5.497181953396710e-02	-2.199914e+01
5.503041328396711e-02	-2.199900e+01
5.508900703396711e-02	-2.199140e+01
5.514760078396711e-02	-2.197635e+01
5.520619453396711e-02	-2.195386e+01
5.526478828396712e-02	-2.192393e+01
5.532338203396712e-02	-2.188656e+01
5.538197578396712e-02	-2.184179e+01
5.544056953396712e-02	-2.178961e+01
5.549916328396712e-02	-2.173005e+01
5.555775703396713e-02	-2.166312e+01
5.561635078396713e-02	-2.158886e+01
5.567494453396713e-02	-2.150728e+01
5.573353828396713e-02	-2.141841e+01
5.579213203396714e-02	-2.132229e+01
5.585072578396714e-02	-2.121894e+01
5.590931953396714e-02	-2.110840e+01
5.596791328396714e-02	-2.099071e+01
5.602650703396714e-02	-2.086591e+01
5.608510078396715e-02	-2.073403e+01
5.614369453396715e-02	-2.059513e+01
5.620228828396715e-02	-2.044925e+01
5.626088203396715e-02	-2.029645e+01
5.631947578396716e-02	-2.013676e+01
5.637806953396716e-02	-1.997026e+01
5.643666328396716e-02	-1.979699e+01
5.649525703396716e-02	-1.961700e+01
5.655385078396716e-02	-1.943038e+01
5.661244453396717e-02	-1.923716e+01
5.667103828396717e-02	-1.903743e+01
5.672963203396717e-02	-1.883125e+01
5.678822578396717e-02	-1.861869e+01
5.684681953396718e-02	-1.839982e+01
5.690541328396718e-02	-1.817472e+01
5.696400703396718e-02	-1.794345e+01
5.702260078396718e-02	-1.770611e+01
5.708119453396718e-02	-1.746277e+01
5.713978828396719e-02	-1.721351e+01
5.719838203396719e-02	-1.695842e+01
5.725697578396719e-02	-1.669758e+01
5.731556953396719e-02	-1.643108e+01
5.737416328396720e-02	-1.615902e+01
5.743275703396720e-02	-1.588148e+01
5.749135078396720e-02	-1.559856e+01
5.754994453396720e-02	-1.531036e+01
5.760853828396720e-02	-1.501696e+01
5.766713203396721e-02	-1.471848e+01
5.772572578396721e-02	-1.441501e+01
5.778431953396721e-02	-1.410666e+01
5.784291328396721e-02	-1.379353e+01
5.790150703396722e-02	-1.347572e+01
5.796010078396722e-02	-1.315335e+01
5.801869453396722e-02	-1.282652e+01
5.807728828396722e-02	-1.249535e+01
5.813588203396722e-02	-1.215994e+01
5.819447578396723e-02	-1.182041e+01
5.825306953396723e-02	-1.147687e+01
5.831166328396723e-02	-1.112945e+01
5.837025703396723e-02	-1.077826e+01
5.842885078396724e-02	-1.042341e+01
5.848744453396724e-02	-1.006503e+01
5.854603828396724e-02	-9.703243e+00
5.860463203396724e-02	-9.338167e+00
5.866322578396724e-02	-8.969927e+00
5.872181953396725e-02	-8.598647e+00
5.878041328396725e-02	-8.224453e+00
5.883900703396725e-02	-7.847473e+00
5.889760078396725e-02	-7.467834e+00
5.895619453396726e-02	-7.085664e+00
5.901478828396726e-02	-6.701094e+00
5.907338203396726e-02	-6.314253e+00
5.913197578396726e-02	-5.925272e+00
5.919056953396726e-02	-5.534285e+00
5.924916328396727e-02	-5.141421e+00
5.930775703396727e-02	-4.746816e+00
5.931508125271727e-02	-4.697374e+00
5.932972969021727e-02	-4.598417e+00
5.935902656521727e-02	-4.400212e+00
5.941762031521727e-02	-4.002701e+00
5.947621406521728e-02	-3.603833e+00
5.953480781521728e-02	-3.203745e+00
5.959340156521728e-02	-2.802571e+00
5.965199531521728e-02	-2.400447e+00
5.971058906521728e-02	-1.997510e+00
5.976918281521729e-02	-1.593896e+00
5.982777656521729e-02	-1.189742e+00
5.988637031521729e-02	-7.851852e-01
5.994496406521729e-02	-3.803621e-01
6.000000000000000e-02	-1.616534e-14
