time	V(v0)
0.000000000000000e+00	0.000000e+00
5.859375207251105e-10	4.049709e-06
1.171875041450221e-09	8.099419e-06
2.343750082900442e-09	1.619884e-05
4.687500165800884e-09	3.239767e-05
9.375000331601768e-09	6.479535e-05
1.875000066320354e-08	1.295907e-04
3.750000132640707e-08	2.591814e-04
7.500000265281415e-08	5.183628e-04
1.500000053056283e-07	1.036726e-03
3.000000106112566e-07	2.073451e-03
6.000000212225132e-07	4.146902e-03
1.200000042445026e-06	8.293805e-03
2.400000084890053e-06	1.658761e-02
4.800000169780105e-06	3.317521e-02
9.600000339560211e-06	6.635034e-02
1.920000067912042e-05	1.327001e-01
3.840000135824084e-05	2.653953e-01
7.680000271648169e-05	5.307520e-01
1.353937527164817e-04	9.354923e-01
1.939875027164817e-04	1.339916e+00
2.525812527164817e-04	1.743885e+00
3.111750027164817e-04	2.147263e+00
3.697687527164817e-04	2.549914e+00
4.283625027164817e-04	2.951701e+00
4.869562527164817e-04	3.352488e+00
5.455500027164817e-04	3.752138e+00
6.041437527164817e-04	4.150517e+00
6.627375027164818e-04	4.547491e+00
7.213312527164818e-04	4.942923e+00
7.799250027164819e-04	5.335727e+00
8.385187527164819e-04	5.592635e+00
8.971125027164820e-04	5.656595e+00
9.557062527164820e-04	5.686918e+00
1.014300002716482e-03	5.706748e+00
1.072893752716482e-03	5.721718e+00
1.131487502716482e-03	5.733354e+00
1.190081252716482e-03	5.743085e+00
1.248675002716482e-03	5.751489e+00
1.307268752716482e-03	5.758873e+00
1.365862502716482e-03	5.765462e+00
1.424456252716482e-03	5.771415e+00
1.483050002716483e-03	5.776849e+00
1.541643752716483e-03	5.781849e+00
1.600237502716483e-03	5.786481e+00
1.658831252716483e-03	5.790796e+00
1.717425002716483e-03	5.794836e+00
1.776018752716483e-03	5.798633e+00
1.834612502716483e-03	5.802215e+00
1.893206252716483e-03	5.805604e+00
1.951800002716483e-03	5.808818e+00
2.010393752716483e-03	5.811874e+00
2.068987502716483e-03	5.814786e+00
2.127581252716483e-03	5.817564e+00
2.186175002716483e-03	5.820220e+00
2.244768752716483e-03	5.822762e+00
2.303362502716483e-03	5.825197e+00
2.361956252716483e-03	5.827532e+00
2.420550002716483e-03	5.829774e+00
2.479143752716483e-03	5.831927e+00
2.537737502716483e-03	5.833996e+00
2.596331252716483e-03	5.835986e+00
2.654925002716484e-03	5.837900e+00
2.713518752716484e-03	5.839741e+00
2.772112502716484e-03	5.841514e+00
2.830706252716484e-03	5.843219e+00
2.889300002716484e-03	5.844860e+00
2.947893752716484e-03	5.846440e+00
3.006487502716484e-03	5.847960e+00
3.065081252716484e-03	5.849422e+00
3.123675002716484e-03	5.850827e+00
3.182268752716484e-03	5.852179e+00
3.240862502716484e-03	5.853477e+00
3.299456252716484e-03	5.854722e+00
3.358050002716484e-03	5.855918e+00
3.416643752716484e-03	5.857064e+00
3.475237502716484e-03	5.858162e+00
3.533831252716484e-03	5.859212e+00
3.592425002716484e-03	5.860215e+00
3.651018752716484e-03	5.861173e+00
3.709612502716484e-03	5.862085e+00
3.768206252716485e-03	5.862953e+00
3.826800002716485e-03	5.863777e+00
3.885393752716485e-03	5.864558e+00
3.943987502716484e-03	5.865295e+00
4.002581252716484e-03	5.865991e+00
4.061175002716483e-03	5.866645e+00
4.119768752716483e-03	5.867258e+00
4.178362502716483e-03	5.867829e+00
4.236956252716482e-03	5.868360e+00
4.295550002716482e-03	5.868850e+00
4.354143752716482e-03	5.869300e+00
4.412737502716481e-03	5.869710e+00
4.471331252716481e-03	5.870081e+00
4.529925002716480e-03	5.870412e+00
4.588518752716480e-03	5.870704e+00
4.647112502716480e-03	5.870957e+00
4.705706252716479e-03	5.871171e+00
4.764300002716479e-03	5.871346e+00
4.822893752716479e-03	5.871482e+00
4.881487502716478e-03	5.871579e+00
4.940081252716478e-03	5.871638e+00
4.998675002716477e-03	5.871658e+00
5.057268752716477e-03	5.871640e+00
5.115862502716477e-03	5.871583e+00
5.174456252716476e-03	5.871487e+00
5.233050002716476e-03	5.871353e+00
5.291643752716475e-03	5.871180e+00
5.350237502716475e-03	5.870967e+00
5.408831252716475e-03	5.870716e+00
5.467425002716474e-03	5.870426e+00
5.526018752716474e-03	5.870097e+00
5.584612502716474e-03	5.869728e+00
5.643206252716473e-03	5.869319e+00
5.701800002716473e-03	5.868871e+00
5.760393752716472e-03	5.868382e+00
5.818987502716472e-03	5.867854e+00
5.877581252716472e-03	5.867284e+00
5.936175002716471e-03	5.866673e+00
5.994768752716471e-03	5.866022e+00
6.053362502716471e-03	5.865328e+00
6.111956252716470e-03	5.864592e+00
6.170550002716470e-03	5.863813e+00
6.229143752716469e-03	5.862991e+00
6.287737502716469e-03	5.862125e+00
6.346331252716469e-03	5.861215e+00
6.404925002716468e-03	5.860260e+00
6.463518752716468e-03	5.859258e+00
6.522112502716467e-03	5.858211e+00
6.580706252716467e-03	5.857115e+00
6.639300002716467e-03	5.855971e+00
6.697893752716466e-03	5.854778e+00
6.756487502716466e-03	5.853534e+00
6.815081252716466e-03	5.852238e+00
6.873675002716465e-03	5.850890e+00
6.932268752716465e-03	5.849486e+00
6.990862502716464e-03	5.848027e+00
7.049456252716464e-03	5.846510e+00
7.108050002716464e-03	5.844933e+00
7.166643752716463e-03	5.843295e+00
7.225237502716463e-03	5.841592e+00
7.283831252716462e-03	5.839823e+00
7.342425002716462e-03	5.837985e+00
7.401018752716462e-03	5.836074e+00
7.459612502716461e-03	5.834088e+00
7.518206252716461e-03	5.832022e+00
7.576800002716461e-03	5.829873e+00
7.635393752716460e-03	5.827636e+00
7.693987502716460e-03	5.825305e+00
7.752581252716459e-03	5.822875e+00
7.811175002716459e-03	5.820338e+00
7.869768752716460e-03	5.817688e+00
7.928362502716460e-03	5.814915e+00
7.986956252716461e-03	5.812009e+00
8.045550002716461e-03	5.808959e+00
8.104143752716461e-03	5.805752e+00
8.162737502716462e-03	5.802372e+00
8.221331252716462e-03	5.798800e+00
8.279925002716463e-03	5.795012e+00
8.338518752716463e-03	5.790984e+00
8.397112502716464e-03	5.786682e+00
8.455706252716464e-03	5.782065e+00
8.514300002716465e-03	5.777083e+00
8.572893752716465e-03	5.771669e+00
8.631487502716466e-03	5.765740e+00
8.690081252716466e-03	5.759181e+00
8.748675002716467e-03	5.751832e+00
8.807268752716467e-03	5.743468e+00
8.865862502716468e-03	5.733743e+00
8.924456252716468e-03	5.722104e+00
8.983050002716469e-03	5.707573e+00
9.041643752716469e-03	5.688202e+00
9.100237502716470e-03	5.658331e+00
9.158831252716470e-03	5.597360e+00
9.217425002716471e-03	5.353115e+00
9.276018752716471e-03	4.960768e+00
9.334612502716472e-03	4.565409e+00
9.341936721466472e-03	4.515878e+00
9.356585158966473e-03	4.416743e+00
9.385882033966472e-03	4.218196e+00
9.444475783966472e-03	3.820047e+00
9.503069533966473e-03	3.420603e+00
9.561663283966473e-03	3.020000e+00
9.620257033966474e-03	2.618374e+00
9.678850783966474e-03	2.215860e+00
9.737444533966475e-03	1.812596e+00
9.796038283966475e-03	1.408718e+00
9.854632033966476e-03	1.004362e+00
9.913225783966476e-03	5.996661e-01
9.971819533966477e-03	1.947668e-01
1.003041328396648e-02	-2.101983e-01
1.008900703396648e-02	-6.150923e-01
1.014760078396648e-02	-1.019778e+00
1.020619453396648e-02	-1.424118e+00
1.026478828396648e-02	-1.827975e+00
1.032338203396648e-02	-2.231213e+00
1.038197578396648e-02	-2.633695e+00
1.044056953396648e-02	-3.035285e+00
1.049916328396648e-02	-3.435846e+00
1.055775703396648e-02	-3.835243e+00
1.061635078396648e-02	-4.233341e+00
1.067494453396648e-02	-4.630004e+00
1.073353828396648e-02	-5.025098e+00
1.079213203396648e-02	-5.418490e+00
1.085072578396648e-02	-5.810045e+00
1.090931953396648e-02	-6.199632e+00
1.096791328396649e-02	-6.587119e+00
1.102650703396649e-02	-6.972095e+00
1.108510078396649e-02	-7.268993e+00
1.114369453396649e-02	-7.347695e+00
1.120228828396649e-02	-7.380956e+00
1.126088203396649e-02	-7.402040e+00
1.131947578396649e-02	-7.417720e+00
1.137806953396649e-02	-7.429709e+00
1.143666328396649e-02	-7.439661e+00
1.149525703396649e-02	-7.448216e+00
1.155385078396649e-02	-7.455698e+00
1.161244453396649e-02	-7.462348e+00
1.167103828396649e-02	-7.468335e+00
1.172963203396649e-02	-7.473783e+00
1.178822578396649e-02	-7.478780e+00
1.184681953396649e-02	-7.483397e+00
1.190541328396649e-02	-7.487689e+00
1.196400703396649e-02	-7.491695e+00
1.202260078396649e-02	-7.495452e+00
1.208119453396649e-02	-7.498987e+00
1.213978828396649e-02	-7.502325e+00
1.219838203396650e-02	-7.505483e+00
1.225697578396650e-02	-7.508479e+00
1.231556953396650e-02	-7.511326e+00
1.237416328396650e-02	-7.514037e+00
1.243275703396650e-02	-7.516622e+00
1.249135078396650e-02	-7.519089e+00
1.254994453396650e-02	-7.521447e+00
1.260853828396650e-02	-7.523703e+00
1.266713203396650e-02	-7.525863e+00
1.272572578396650e-02	-7.527932e+00
1.278431953396650e-02	-7.529914e+00
1.284291328396650e-02	-7.531815e+00
1.290150703396650e-02	-7.533638e+00
1.296010078396650e-02	-7.535386e+00
1.301869453396650e-02	-7.537063e+00
1.307728828396650e-02	-7.538672e+00
1.313588203396650e-02	-7.540214e+00
1.319447578396650e-02	-7.541693e+00
1.325306953396650e-02	-7.543110e+00
1.331166328396650e-02	-7.544467e+00
1.337025703396650e-02	-7.545766e+00
1.342885078396651e-02	-7.547009e+00
1.348744453396651e-02	-7.548197e+00
1.354603828396651e-02	-7.549332e+00
1.360463203396651e-02	-7.550414e+00
1.366322578396651e-02	-7.551445e+00
1.372181953396651e-02	-7.552425e+00
1.378041328396651e-02	-7.553356e+00
1.383900703396651e-02	-7.554238e+00
1.389760078396651e-02	-7.555073e+00
1.395619453396651e-02	-7.555861e+00
1.401478828396651e-02	-7.556603e+00
1.407338203396651e-02	-7.557299e+00
1.413197578396651e-02	-7.557950e+00
1.419056953396651e-02	-7.558556e+00
1.424916328396651e-02	-7.559118e+00
1.430775703396651e-02	-7.559637e+00
1.436635078396651e-02	-7.560112e+00
1.442494453396651e-02	-7.560544e+00
1.448353828396651e-02	-7.560933e+00
1.454213203396651e-02	-7.561279e+00
1.460072578396652e-02	-7.561584e+00
1.465931953396652e-02	-7.561846e+00
1.471791328396652e-02	-7.562067e+00
1.477650703396652e-02	-7.562246e+00
1.483510078396652e-02	-7.562383e+00
1.489369453396652e-02	-7.562479e+00
1.495228828396652e-02	-7.562533e+00
1.501088203396652e-02	-7.562547e+00
1.506947578396652e-02	-7.562518e+00
1.512806953396652e-02	-7.562449e+00
1.518666328396652e-02	-7.562337e+00
1.524525703396652e-02	-7.562184e+00
1.530385078396652e-02	-7.561990e+00
1.536244453396652e-02	-7.561754e+00
1.542103828396652e-02	-7.561476e+00
1.547963203396652e-02	-7.561156e+00
1.553822578396652e-02	-7.560793e+00
1.559681953396652e-02	-7.560388e+00
1.565541328396652e-02	-7.559940e+00
1.571400703396652e-02	-7.559449e+00
1.577260078396652e-02	-7.558915e+00
1.583119453396652e-02	-7.558336e+00
1.588978828396652e-02	-7.557714e+00
1.594838203396652e-02	-7.557046e+00
1.600697578396652e-02	-7.556333e+00
1.606556953396652e-02	-7.555574e+00
1.612416328396651e-02	-7.554769e+00
1.618275703396651e-02	-7.553916e+00
1.624135078396651e-02	-7.553016e+00
1.629994453396651e-02	-7.552066e+00
1.635853828396651e-02	-7.551067e+00
1.641713203396651e-02	-7.550018e+00
1.647572578396651e-02	-7.548916e+00
1.653431953396651e-02	-7.547762e+00
1.659291328396650e-02	-7.546554e+00
1.665150703396650e-02	-7.545290e+00
1.671010078396650e-02	-7.543970e+00
1.676869453396650e-02	-7.542591e+00
1.682728828396650e-02	-7.541151e+00
1.688588203396650e-02	-7.539649e+00
1.694447578396650e-02	-7.538082e+00
1.700306953396650e-02	-7.536448e+00
1.706166328396649e-02	-7.534745e+00
1.712025703396649e-02	-7.532969e+00
1.717885078396649e-02	-7.531118e+00
1.723744453396649e-02	-7.529188e+00
1.729603828396649e-02	-7.527174e+00
1.735463203396649e-02	-7.525072e+00
1.741322578396649e-02	-7.522877e+00
1.747181953396649e-02	-7.520584e+00
1.753041328396648e-02	-7.518186e+00
1.758900703396648e-02	-7.515676e+00
1.764760078396648e-02	-7.513045e+00
1.770619453396648e-02	-7.510285e+00
1.776478828396648e-02	-7.507384e+00
1.782338203396648e-02	-7.504329e+00
1.788197578396648e-02	-7.501107e+00
1.794056953396648e-02	-7.497698e+00
1.799916328396647e-02	-7.494083e+00
1.805775703396647e-02	-7.490237e+00
1.811635078396647e-02	-7.486129e+00
1.817494453396647e-02	-7.481723e+00
1.823353828396647e-02	-7.476971e+00
1.829213203396647e-02	-7.471814e+00
1.835072578396647e-02	-7.466177e+00
1.840931953396647e-02	-7.459959e+00
1.846791328396646e-02	-7.453019e+00
1.852650703396646e-02	-7.445163e+00
1.858510078396646e-02	-7.436101e+00
1.864369453396646e-02	-7.425380e+00
1.870228828396646e-02	-7.412231e+00
1.876088203396646e-02	-7.395204e+00
1.881947578396646e-02	-7.371082e+00
1.887806953396646e-02	-7.327830e+00
1.893666328396645e-02	-7.193301e+00
1.899525703396645e-02	-6.829525e+00
1.905385078396645e-02	-6.443444e+00
1.906117500271645e-02	-6.395026e+00
1.907582344021645e-02	-6.298087e+00
1.910512031521645e-02	-6.103813e+00
1.916371406521645e-02	-5.713728e+00
1.922230781521645e-02	-5.321708e+00
1.928090156521645e-02	-4.927884e+00
1.933949531521645e-02	-4.532391e+00
1.939808906521645e-02	-4.135362e+00
1.945668281521645e-02	-3.736931e+00
1.951527656521644e-02	-3.337235e+00
1.957387031521644e-02	-2.936408e+00
1.963246406521644e-02	-2.534585e+00
1.969105781521644e-02	-2.131904e+00
1.974965156521644e-02	-1.728501e+00
1.980824531521644e-02	-1.324512e+00
1.986683906521644e-02	-9.200739e-01
1.992543281521644e-02	-5.153242e-01
1.998402656521643e-02	-1.104000e-01
1.999135078396643e-02	-5.977901e-02
2.000599922146644e-02	4.146362e-02
2.003529609646644e-02	2.439441e-01
2.009388984646644e-02	6.488259e-01
2.015248359646643e-02	1.053488e+00
2.021107734646643e-02	1.457793e+00
2.026967109646643e-02	1.861604e+00
2.032826484646643e-02	2.264784e+00
2.038685859646643e-02	2.667197e+00
2.044545234646643e-02	3.068706e+00
2.050404609646643e-02	3.469176e+00
2.056263984646643e-02	3.868470e+00
2.062123359646642e-02	4.266453e+00
2.067982734646642e-02	4.662990e+00
2.073842109646642e-02	5.057943e+00
2.079701484646642e-02	5.443536e+00
2.085560859646642e-02	5.618711e+00
2.091420234646642e-02	5.667153e+00
2.097279609646642e-02	5.693574e+00
2.103138984646642e-02	5.711442e+00
2.108998359646641e-02	5.725320e+00
2.114857734646641e-02	5.736355e+00
2.120717109646641e-02	5.745660e+00
2.126576484646641e-02	5.753736e+00
2.132435859646641e-02	5.760869e+00
2.138295234646641e-02	5.767258e+00
2.144154609646641e-02	5.773050e+00
2.150013984646641e-02	5.778349e+00
2.155873359646640e-02	5.783236e+00
2.161732734646640e-02	5.787770e+00
2.167592109646640e-02	5.792001e+00
2.173451484646640e-02	5.795967e+00
2.179310859646640e-02	5.799699e+00
2.185170234646640e-02	5.803222e+00
2.191029609646640e-02	5.806558e+00
2.196888984646640e-02	5.809725e+00
2.202748359646639e-02	5.812738e+00
2.208607734646639e-02	5.815610e+00
2.214467109646639e-02	5.818352e+00
2.220326484646639e-02	5.820973e+00
2.226185859646639e-02	5.823483e+00
2.232045234646639e-02	5.825888e+00
2.237904609646639e-02	5.828196e+00
2.243763984646639e-02	5.830411e+00
2.249623359646638e-02	5.832539e+00
2.255482734646638e-02	5.834585e+00
2.261342109646638e-02	5.836552e+00
2.267201484646638e-02	5.838444e+00
2.273060859646638e-02	5.840265e+00
2.278920234646638e-02	5.842018e+00
2.284779609646638e-02	5.843704e+00
2.290638984646638e-02	5.845327e+00
2.296498359646637e-02	5.846889e+00
2.302357734646637e-02	5.848392e+00
2.308217109646637e-02	5.849837e+00
2.314076484646637e-02	5.851227e+00
2.319935859646637e-02	5.852562e+00
2.325795234646637e-02	5.853845e+00
2.331654609646637e-02	5.855076e+00
2.337513984646637e-02	5.856257e+00
2.343373359646636e-02	5.857389e+00
2.349232734646636e-02	5.858473e+00
2.355092109646636e-02	5.859509e+00
2.360951484646636e-02	5.860499e+00
2.366810859646636e-02	5.861444e+00
2.372670234646636e-02	5.862343e+00
2.378529609646636e-02	5.863198e+00
2.384388984646636e-02	5.864009e+00
2.390248359646635e-02	5.864777e+00
2.396107734646635e-02	5.865503e+00
2.401967109646635e-02	5.866186e+00
2.407826484646635e-02	5.866828e+00
2.413685859646635e-02	5.867428e+00
2.419545234646635e-02	5.867988e+00
2.425404609646635e-02	5.868507e+00
2.431263984646635e-02	5.868985e+00
2.437123359646634e-02	5.869424e+00
2.442982734646634e-02	5.869823e+00
2.448842109646634e-02	5.870182e+00
2.454701484646634e-02	5.870502e+00
2.460560859646634e-02	5.870782e+00
2.466420234646634e-02	5.871023e+00
2.472279609646634e-02	5.871226e+00
2.478138984646634e-02	5.871389e+00
2.483998359646633e-02	5.871514e+00
2.489857734646633e-02	5.871601e+00
2.495717109646633e-02	5.871648e+00
2.501576484646633e-02	5.871657e+00
2.507435859646633e-02	5.871627e+00
2.513295234646633e-02	5.871559e+00
2.519154609646633e-02	5.871452e+00
2.525013984646633e-02	5.871306e+00
2.530873359646632e-02	5.871121e+00
2.536732734646632e-02	5.870898e+00
2.542592109646632e-02	5.870636e+00
2.548451484646632e-02	5.870334e+00
2.554310859646632e-02	5.869993e+00
2.560170234646632e-02	5.869613e+00
2.566029609646632e-02	5.869193e+00
2.571888984646632e-02	5.868733e+00
2.577748359646631e-02	5.868233e+00
2.583607734646631e-02	5.867692e+00
2.589467109646631e-02	5.867110e+00
2.595326484646631e-02	5.866488e+00
2.601185859646631e-02	5.865824e+00
2.607045234646631e-02	5.865118e+00
2.612904609646631e-02	5.864369e+00
2.618763984646631e-02	5.863578e+00
2.624623359646630e-02	5.862743e+00
2.630482734646630e-02	5.861865e+00
2.636342109646630e-02	5.860941e+00
2.642201484646630e-02	5.859972e+00
2.648060859646630e-02	5.858957e+00
2.653920234646630e-02	5.857896e+00
2.659779609646630e-02	5.856786e+00
2.665638984646630e-02	5.855628e+00
2.671498359646629e-02	5.854420e+00
2.677357734646629e-02	5.853161e+00
2.683217109646629e-02	5.851851e+00
2.689076484646629e-02	5.850486e+00
2.694935859646629e-02	5.849067e+00
2.700795234646629e-02	5.847590e+00
2.706654609646629e-02	5.846056e+00
2.712513984646629e-02	5.844461e+00
2.718373359646628e-02	5.842804e+00
2.724232734646628e-02	5.841083e+00
2.730092109646628e-02	5.839294e+00
2.735951484646628e-02	5.837435e+00
2.741810859646628e-02	5.835503e+00
2.747670234646628e-02	5.833494e+00
2.753529609646628e-02	5.831404e+00
2.759388984646628e-02	5.829230e+00
2.765248359646627e-02	5.826966e+00
2.771107734646627e-02	5.824606e+00
2.776967109646627e-02	5.822146e+00
2.782826484646627e-02	5.819577e+00
2.788685859646627e-02	5.816892e+00
2.794545234646627e-02	5.814081e+00
2.800404609646627e-02	5.811135e+00
2.806263984646627e-02	5.808041e+00
2.812123359646626e-02	5.804785e+00
2.817982734646626e-02	5.801351e+00
2.823842109646626e-02	5.797718e+00
2.829701484646626e-02	5.793864e+00
2.835560859646626e-02	5.789760e+00
2.841420234646626e-02	5.785370e+00
2.847279609646626e-02	5.780653e+00
2.853138984646626e-02	5.775552e+00
2.858998359646625e-02	5.769998e+00
2.864857734646625e-02	5.763898e+00
2.870717109646625e-02	5.757127e+00
2.876576484646625e-02	5.749510e+00
2.882435859646625e-02	5.740791e+00
2.888295234646625e-02	5.730578e+00
2.894154609646625e-02	5.718225e+00
2.900013984646625e-02	5.702554e+00
2.905873359646624e-02	5.681098e+00
2.911732734646624e-02	5.645856e+00
2.917592109646624e-02	5.559865e+00
2.923451484646624e-02	5.239656e+00
2.929310859646624e-02	4.845623e+00
2.930043281521624e-02	4.796232e+00
2.931508125271624e-02	4.697374e+00
2.931874336209124e-02	4.672644e+00
2.932606758084124e-02	4.623165e+00
2.934071601834124e-02	4.524135e+00
2.937001289334124e-02	4.325788e+00
2.942860664334124e-02	3.928012e+00
2.948720039334124e-02	3.528906e+00
2.954579414334124e-02	3.128603e+00
2.960438789334124e-02	2.727241e+00
2.966298164334124e-02	2.324954e+00
2.972157539334123e-02	1.921880e+00
2.978016914334123e-02	1.518154e+00
2.983876289334123e-02	1.113914e+00
2.989735664334123e-02	7.092970e-01
2.995595039334123e-02	3.044393e-01
3.001454414334123e-02	-1.005215e-01
3.002186836209123e-02	-1.511421e-01
3.003651679959123e-02	-2.523805e-01
3.006581367459123e-02	-4.548391e-01
3.012440742459123e-02	-8.596235e-01
3.018300117459123e-02	-1.264117e+00
3.024159492459123e-02	-1.668182e+00
3.030018867459123e-02	-2.071681e+00
3.035878242459122e-02	-2.474479e+00
3.041737617459122e-02	-2.876438e+00
3.047596992459122e-02	-3.277422e+00
3.053456367459122e-02	-3.677297e+00
3.059315742459122e-02	-4.075924e+00
3.065175117459122e-02	-4.473172e+00
3.071034492459122e-02	-4.868903e+00
3.076893867459122e-02	-5.262984e+00
3.082753242459121e-02	-5.655282e+00
3.088612617459121e-02	-6.045665e+00
3.094471992459121e-02	-6.433998e+00
3.100331367459121e-02	-6.820137e+00
3.106190742459121e-02	-7.186451e+00
3.112050117459121e-02	-7.326233e+00
3.117909492459121e-02	-7.369909e+00
3.123768867459121e-02	-7.394652e+00
3.129628242459120e-02	-7.412324e+00
3.135487617459121e-02	-7.425287e+00
3.141346992459121e-02	-7.435901e+00
3.147206367459121e-02	-7.444973e+00
3.153065742459121e-02	-7.452848e+00
3.158925117459122e-02	-7.459803e+00
3.164784492459122e-02	-7.466036e+00
3.170643867459122e-02	-7.471684e+00
3.176503242459122e-02	-7.476851e+00
3.182362617459122e-02	-7.481612e+00
3.188221992459123e-02	-7.486026e+00
3.194081367459123e-02	-7.490140e+00
3.199940742459123e-02	-7.493993e+00
3.205800117459123e-02	-7.497613e+00
3.211659492459124e-02	-7.501026e+00
3.217518867459124e-02	-7.504253e+00
3.223378242459124e-02	-7.507311e+00
3.229237617459124e-02	-7.510216e+00
3.235096992459124e-02	-7.512980e+00
3.240956367459125e-02	-7.515613e+00
3.246815742459125e-02	-7.518126e+00
3.252675117459125e-02	-7.520526e+00
3.258534492459125e-02	-7.522822e+00
3.264393867459126e-02	-7.525019e+00
3.270253242459126e-02	-7.527123e+00
3.276112617459126e-02	-7.529140e+00
3.281971992459126e-02	-7.531072e+00
3.287831367459126e-02	-7.532926e+00
3.293690742459127e-02	-7.534703e+00
3.299550117459127e-02	-7.536408e+00
3.305409492459127e-02	-7.538043e+00
3.311268867459127e-02	-7.539611e+00
3.317128242459128e-02	-7.541115e+00
3.322987617459128e-02	-7.542556e+00
3.328846992459128e-02	-7.543937e+00
3.334706367459128e-02	-7.545259e+00
3.340565742459128e-02	-7.546524e+00
3.346425117459129e-02	-7.547734e+00
3.352284492459129e-02	-7.548889e+00
3.358143867459129e-02	-7.549992e+00
3.364003242459129e-02	-7.551043e+00
3.369862617459130e-02	-7.552042e+00
3.375721992459130e-02	-7.552993e+00
3.381581367459130e-02	-7.553895e+00
3.387440742459130e-02	-7.554749e+00
3.393300117459130e-02	-7.555555e+00
3.399159492459131e-02	-7.556315e+00
3.405018867459131e-02	-7.557029e+00
3.410878242459131e-02	-7.557698e+00
3.416737617459131e-02	-7.558321e+00
3.422596992459132e-02	-7.558901e+00
3.428456367459132e-02	-7.559437e+00
3.434315742459132e-02	-7.559929e+00
3.440175117459132e-02	-7.560378e+00
3.446034492459132e-02	-7.560784e+00
3.451893867459133e-02	-7.561147e+00
3.457753242459133e-02	-7.561469e+00
3.463612617459133e-02	-7.561748e+00
3.469471992459133e-02	-7.561985e+00
3.475331367459134e-02	-7.562180e+00
3.481190742459134e-02	-7.562334e+00
3.487050117459134e-02	-7.562446e+00
3.492909492459134e-02	-7.562517e+00
3.498768867459134e-02	-7.562546e+00
3.504628242459135e-02	-7.562534e+00
3.510487617459135e-02	-7.562481e+00
3.516346992459135e-02	-7.562386e+00
3.522206367459135e-02	-7.562250e+00
3.528065742459136e-02	-7.562072e+00
3.533925117459136e-02	-7.561852e+00
3.539784492459136e-02	-7.561591e+00
3.545643867459136e-02	-7.561287e+00
3.551503242459136e-02	-7.560942e+00
3.557362617459137e-02	-7.560554e+00
3.563221992459137e-02	-7.560122e+00
3.569081367459137e-02	-7.559649e+00
3.574940742459137e-02	-7.559132e+00
3.580800117459138e-02	-7.558570e+00
3.586659492459138e-02	-7.557965e+00
3.592518867459138e-02	-7.557315e+00
3.598378242459138e-02	-7.556621e+00
3.604237617459138e-02	-7.555880e+00
3.610096992459139e-02	-7.555093e+00
3.615956367459139e-02	-7.554259e+00
3.621815742459139e-02	-7.553378e+00
3.627675117459139e-02	-7.552448e+00
3.633534492459140e-02	-7.551469e+00
3.639393867459140e-02	-7.550439e+00
3.645253242459140e-02	-7.549359e+00
3.651112617459140e-02	-7.548226e+00
3.656971992459140e-02	-7.547039e+00
3.662831367459141e-02	-7.545797e+00
3.668690742459141e-02	-7.544499e+00
3.674550117459141e-02	-7.543144e+00
3.680409492459141e-02	-7.541728e+00
3.686268867459142e-02	-7.540251e+00
3.692128242459142e-02	-7.538710e+00
3.697987617459142e-02	-7.537103e+00
3.703846992459142e-02	-7.535428e+00
3.709706367459142e-02	-7.533681e+00
3.715565742459143e-02	-7.531860e+00
3.721425117459143e-02	-7.529962e+00
3.727284492459143e-02	-7.527981e+00
3.733143867459143e-02	-7.525914e+00
3.739003242459144e-02	-7.523757e+00
3.744862617459144e-02	-7.521503e+00
3.750721992459144e-02	-7.519148e+00
3.756581367459144e-02	-7.516683e+00
3.762440742459144e-02	-7.514102e+00
3.768300117459145e-02	-7.511394e+00
3.774159492459145e-02	-7.508550e+00
3.780018867459145e-02	-7.505558e+00
3.785878242459145e-02	-7.502404e+00
3.791737617459146e-02	-7.499071e+00
3.797596992459146e-02	-7.495541e+00
3.803456367459146e-02	-7.491789e+00
3.809315742459146e-02	-7.487789e+00
3.815175117459146e-02	-7.483505e+00
3.821034492459147e-02	-7.478897e+00
3.826893867459147e-02	-7.473908e+00
3.832753242459147e-02	-7.468472e+00
3.838612617459147e-02	-7.462498e+00
3.844471992459148e-02	-7.455863e+00
3.850331367459148e-02	-7.448398e+00
3.856190742459148e-02	-7.439857e+00
3.862050117459148e-02	-7.429862e+00
3.867909492459148e-02	-7.417797e+00
3.873768867459149e-02	-7.402551e+00
3.879628242459149e-02	-7.381835e+00
3.885487617459149e-02	-7.348505e+00
3.891346992459149e-02	-7.272416e+00
3.897206367459150e-02	-6.981408e+00
3.903065742459150e-02	-6.596543e+00
3.903798164334150e-02	-6.548234e+00
3.905263008084150e-02	-6.451511e+00
3.908192695584150e-02	-6.257657e+00
3.914052070584150e-02	-5.868375e+00
3.919911445584150e-02	-5.477106e+00
3.925770820584151e-02	-5.083980e+00
3.931630195584151e-02	-4.689131e+00
3.937489570584151e-02	-4.292694e+00
3.943348945584151e-02	-3.894802e+00
3.949208320584151e-02	-3.495591e+00
3.955067695584152e-02	-3.095195e+00
3.960927070584152e-02	-2.693750e+00
3.966786445584152e-02	-2.291393e+00
3.972645820584152e-02	-1.888259e+00
3.978505195584153e-02	-1.484485e+00
3.984364570584153e-02	-1.080209e+00
3.990223945584153e-02	-6.755661e-01
3.996083320584153e-02	-2.706946e-01
4.001942695584153e-02	1.342686e-01
4.002675117459153e-02	1.848887e-01
4.004139961209154e-02	2.861255e-01
4.007069648709154e-02	4.885789e-01
4.012929023709154e-02	8.933443e-01
4.018788398709154e-02	1.297807e+00
4.024647773709154e-02	1.701830e+00
4.030507148709155e-02	2.105276e+00
4.036366523709155e-02	2.508009e+00
4.042225898709155e-02	2.909893e+00
4.048085273709155e-02	3.310790e+00
4.053944648709155e-02	3.710565e+00
4.059804023709156e-02	4.109083e+00
4.065663398709156e-02	4.506209e+00
4.071522773709156e-02	4.901808e+00
4.077382148709156e-02	5.295310e+00
4.083241523709157e-02	5.580463e+00
4.089100898709157e-02	5.652489e+00
4.094960273709157e-02	5.684410e+00
4.100819648709157e-02	5.704976e+00
4.106679023709157e-02	5.720377e+00
4.112538398709158e-02	5.732247e+00
4.118397773709158e-02	5.742139e+00
4.124257148709158e-02	5.750666e+00
4.130116523709158e-02	5.758144e+00
4.135975898709159e-02	5.764807e+00
4.141835273709159e-02	5.770821e+00
4.147694648709159e-02	5.776305e+00
4.153554023709159e-02	5.781346e+00
4.159413398709159e-02	5.786014e+00
4.165272773709160e-02	5.790360e+00
4.171132148709160e-02	5.794427e+00
4.176991523709160e-02	5.798248e+00
4.182850898709160e-02	5.801851e+00
4.188710273709161e-02	5.805259e+00
4.194569648709161e-02	5.808491e+00
4.200429023709161e-02	5.811563e+00
4.206288398709161e-02	5.814489e+00
4.212147773709161e-02	5.817281e+00
4.218007148709162e-02	5.819949e+00
4.223866523709162e-02	5.822502e+00
4.229725898709162e-02	5.824948e+00
4.235585273709162e-02	5.827293e+00
4.241444648709163e-02	5.829545e+00
4.247304023709163e-02	5.831707e+00
4.253163398709163e-02	5.833785e+00
4.259022773709163e-02	5.835783e+00
4.264882148709163e-02	5.837704e+00
4.270741523709164e-02	5.839553e+00
4.276600898709164e-02	5.841332e+00
4.282460273709164e-02	5.843044e+00
4.288319648709164e-02	5.844692e+00
4.294179023709165e-02	5.846278e+00
4.300038398709165e-02	5.847804e+00
4.305897773709165e-02	5.849272e+00
4.311757148709165e-02	5.850683e+00
4.317616523709165e-02	5.852040e+00
4.323475898709166e-02	5.853343e+00
4.329335273709166e-02	5.854595e+00
4.335194648709166e-02	5.855796e+00
4.341054023709166e-02	5.856947e+00
4.346913398709167e-02	5.858050e+00
4.352772773709167e-02	5.859105e+00
4.358632148709167e-02	5.860113e+00
4.364491523709167e-02	5.861075e+00
4.370350898709167e-02	5.861992e+00
4.376210273709168e-02	5.862864e+00
4.382069648709168e-02	5.863693e+00
4.387929023709168e-02	5.864478e+00
4.393788398709168e-02	5.865221e+00
4.399647773709169e-02	5.865921e+00
4.405507148709169e-02	5.866579e+00
4.411366523709169e-02	5.867196e+00
4.417225898709169e-02	5.867771e+00
4.423085273709169e-02	5.868306e+00
4.428944648709170e-02	5.868801e+00
4.434804023709170e-02	5.869255e+00
4.440663398709170e-02	5.869669e+00
4.446522773709170e-02	5.870044e+00
4.452382148709171e-02	5.870379e+00
4.458241523709171e-02	5.870676e+00
4.464100898709171e-02	5.870932e+00
4.469960273709171e-02	5.871150e+00
4.475819648709171e-02	5.871329e+00
4.481679023709172e-02	5.871469e+00
4.487538398709172e-02	5.871571e+00
4.493397773709172e-02	5.871634e+00
4.499257148709172e-02	5.871658e+00
4.505116523709173e-02	5.871644e+00
4.510975898709173e-02	5.871591e+00
4.516835273709173e-02	5.871499e+00
4.522694648709173e-02	5.871368e+00
4.528554023709173e-02	5.871199e+00
4.534413398709174e-02	5.870991e+00
4.540272773709174e-02	5.870744e+00
4.546132148709174e-02	5.870458e+00
4.551991523709174e-02	5.870133e+00
4.557850898709175e-02	5.869768e+00
4.563710273709175e-02	5.869364e+00
4.569569648709175e-02	5.868920e+00
4.575429023709175e-02	5.868435e+00
4.581288398709175e-02	5.867911e+00
4.587147773709176e-02	5.867345e+00
4.593007148709176e-02	5.866739e+00
4.598866523709176e-02	5.866092e+00
4.604725898709176e-02	5.865402e+00
4.610585273709177e-02	5.864671e+00
4.616444648709177e-02	5.863896e+00
4.622304023709177e-02	5.863079e+00
4.628163398709177e-02	5.862217e+00
4.634022773709177e-02	5.861312e+00
4.639882148709178e-02	5.860361e+00
4.645741523709178e-02	5.859365e+00
4.651600898709178e-02	5.858322e+00
4.657460273709178e-02	5.857231e+00
4.663319648709179e-02	5.856092e+00
4.669179023709179e-02	5.854905e+00
4.675038398709179e-02	5.853666e+00
4.680897773709179e-02	5.852376e+00
4.686757148709179e-02	5.851033e+00
4.692616523709180e-02	5.849635e+00
4.698475898709180e-02	5.848182e+00
4.704335273709180e-02	5.846671e+00
4.710194648709180e-02	5.845100e+00
4.716054023709181e-02	5.843468e+00
4.721913398709181e-02	5.841773e+00
4.727772773709181e-02	5.840010e+00
4.733632148709181e-02	5.838180e+00
4.739491523709181e-02	5.836277e+00
4.745350898709182e-02	5.834299e+00
4.751210273709182e-02	5.832242e+00
4.757069648709182e-02	5.830101e+00
4.762929023709182e-02	5.827873e+00
4.768788398709183e-02	5.825552e+00
4.774647773709183e-02	5.823133e+00
4.780507148709183e-02	5.820607e+00
4.786366523709183e-02	5.817969e+00
4.792225898709183e-02	5.815209e+00
4.798085273709184e-02	5.812318e+00
4.803944648709184e-02	5.809284e+00
4.809804023709184e-02	5.806094e+00
4.815663398709184e-02	5.802732e+00
4.821522773709185e-02	5.799181e+00
4.827382148709185e-02	5.795418e+00
4.833241523709185e-02	5.791416e+00
4.839100898709185e-02	5.787144e+00
4.844960273709185e-02	5.782562e+00
4.850819648709186e-02	5.777621e+00
4.856679023709186e-02	5.772256e+00
4.862538398709186e-02	5.766385e+00
4.868397773709186e-02	5.759898e+00
4.874257148709187e-02	5.752641e+00
4.880116523709187e-02	5.744395e+00
4.885975898709187e-02	5.734833e+00
4.891835273709187e-02	5.723429e+00
4.897694648709187e-02	5.709267e+00
4.903554023709188e-02	5.690545e+00
4.909413398709188e-02	5.662220e+00
4.915272773709188e-02	5.607172e+00
4.921132148709188e-02	5.392498e+00
4.926991523709189e-02	5.001856e+00
4.932850898709189e-02	4.606667e+00
4.933583320584189e-02	4.557156e+00
4.935048164334189e-02	4.458061e+00
4.937977851834189e-02	4.259590e+00
4.943837226834189e-02	3.861583e+00
4.949696601834189e-02	3.462268e+00
4.955555976834190e-02	3.061779e+00
4.961415351834190e-02	2.660254e+00
4.967274726834190e-02	2.257826e+00
4.973134101834190e-02	1.854634e+00
4.978993476834190e-02	1.450813e+00
4.984852851834191e-02	1.046501e+00
4.990712226834191e-02	6.418337e-01
4.996571601834191e-02	2.369493e-01
5.002430976834191e-02	-1.680154e-01
5.008290351834192e-02	-5.729232e-01
5.014149726834192e-02	-9.776369e-01
5.020009101834192e-02	-1.382019e+00
5.025868476834192e-02	-1.785933e+00
5.031727851834192e-02	-2.189242e+00
5.037587226834193e-02	-2.591810e+00
5.043446601834193e-02	-2.993499e+00
5.049305976834193e-02	-3.394173e+00
5.055165351834193e-02	-3.793698e+00
5.061024726834194e-02	-4.191937e+00
5.066884101834194e-02	-4.588756e+00
5.072743476834194e-02	-4.984020e+00
5.078602851834194e-02	-5.377595e+00
5.084462226834194e-02	-5.769348e+00
5.090321601834195e-02	-6.159146e+00
5.096180976834195e-02	-6.546857e+00
5.102040351834195e-02	-6.932221e+00
5.107899726834195e-02	-7.252594e+00
5.113759101834196e-02	-7.342505e+00
5.119618476834196e-02	-7.378304e+00
5.125477851834196e-02	-7.400180e+00
5.131337226834196e-02	-7.416331e+00
5.137196601834196e-02	-7.428573e+00
5.143055976834197e-02	-7.438695e+00
5.148915351834197e-02	-7.447380e+00
5.154774726834197e-02	-7.454961e+00
5.160634101834197e-02	-7.461689e+00
5.166493476834198e-02	-7.467739e+00
5.172352851834198e-02	-7.473238e+00
5.178212226834198e-02	-7.478279e+00
5.184071601834198e-02	-7.482933e+00
5.189930976834198e-02	-7.487255e+00
5.195790351834199e-02	-7.491290e+00
5.201649726834199e-02	-7.495071e+00
5.207509101834199e-02	-7.498629e+00
5.213368476834199e-02	-7.501986e+00
5.219227851834200e-02	-7.505162e+00
5.225087226834200e-02	-7.508174e+00
5.230946601834200e-02	-7.511036e+00
5.236805976834200e-02	-7.513761e+00
5.242665351834200e-02	-7.516358e+00
5.248524726834201e-02	-7.518837e+00
5.254384101834201e-02	-7.521206e+00
5.260243476834201e-02	-7.523473e+00
5.266102851834201e-02	-7.525642e+00
5.271962226834202e-02	-7.527720e+00
5.277821601834202e-02	-7.529712e+00
5.283680976834202e-02	-7.531621e+00
5.289540351834202e-02	-7.533452e+00
5.295399726834202e-02	-7.535208e+00
5.301259101834203e-02	-7.536892e+00
5.307118476834203e-02	-7.538507e+00
5.312977851834203e-02	-7.540057e+00
5.318837226834203e-02	-7.541542e+00
5.324696601834204e-02	-7.542965e+00
5.330555976834204e-02	-7.544329e+00
5.336415351834204e-02	-7.545634e+00
5.342274726834204e-02	-7.546883e+00
5.348134101834204e-02	-7.548076e+00
5.353993476834205e-02	-7.549216e+00
5.359852851834205e-02	-7.550303e+00
5.365712226834205e-02	-7.551339e+00
5.371571601834205e-02	-7.552325e+00
5.377430976834206e-02	-7.553261e+00
5.383290351834206e-02	-7.554149e+00
5.389149726834206e-02	-7.554989e+00
5.395009101834206e-02	-7.555781e+00
5.400868476834206e-02	-7.556528e+00
5.406727851834207e-02	-7.557229e+00
5.412587226834207e-02	-7.557884e+00
5.418446601834207e-02	-7.558495e+00
5.424305976834207e-02	-7.559062e+00
5.430165351834208e-02	-7.559585e+00
5.436024726834208e-02	-7.560064e+00
5.441884101834208e-02	-7.560501e+00
5.447743476834208e-02	-7.560894e+00
5.453602851834208e-02	-7.561245e+00
5.459462226834209e-02	-7.561554e+00
5.465321601834209e-02	-7.561821e+00
5.471180976834209e-02	-7.562046e+00
5.477040351834209e-02	-7.562229e+00
5.482899726834210e-02	-7.562371e+00
5.488759101834210e-02	-7.562471e+00
5.494618476834210e-02	-7.562530e+00
5.500477851834210e-02	-7.562547e+00
5.506337226834210e-02	-7.562523e+00
5.512196601834211e-02	-7.562458e+00
5.518055976834211e-02	-7.562351e+00
5.523915351834211e-02	-7.562202e+00
5.529774726834211e-02	-7.562012e+00
5.535634101834212e-02	-7.561780e+00
5.541493476834212e-02	-7.561507e+00
5.547352851834212e-02	-7.561191e+00
5.553212226834212e-02	-7.560833e+00
5.559071601834212e-02	-7.560432e+00
5.564930976834213e-02	-7.559989e+00
5.570790351834213e-02	-7.559503e+00
5.576649726834213e-02	-7.558972e+00
5.582509101834213e-02	-7.558399e+00
5.588368476834214e-02	-7.557780e+00
5.594227851834214e-02	-7.557117e+00
5.600087226834214e-02	-7.556409e+00
5.605946601834214e-02	-7.555655e+00
5.611805976834214e-02	-7.554855e+00
5.617665351834215e-02	-7.554007e+00
5.623524726834215e-02	-7.553112e+00
5.629384101834215e-02	-7.552167e+00
5.635243476834215e-02	-7.551174e+00
5.641102851834216e-02	-7.550129e+00
5.646962226834216e-02	-7.549034e+00
5.652821601834216e-02	-7.547885e+00
5.658680976834216e-02	-7.546683e+00
5.664540351834216e-02	-7.545425e+00
5.670399726834217e-02	-7.544110e+00
5.676259101834217e-02	-7.542737e+00
5.682118476834217e-02	-7.541304e+00
5.687977851834217e-02	-7.539808e+00
5.693837226834218e-02	-7.538249e+00
5.699696601834218e-02	-7.536622e+00
5.705555976834218e-02	-7.534926e+00
5.711415351834218e-02	-7.533158e+00
5.717274726834218e-02	-7.531315e+00
5.723134101834219e-02	-7.529392e+00
5.728993476834219e-02	-7.527387e+00
5.734852851834219e-02	-7.525295e+00
5.740712226834219e-02	-7.523110e+00
5.746571601834220e-02	-7.520827e+00
5.752430976834220e-02	-7.518441e+00
5.758290351834220e-02	-7.515943e+00
5.764149726834220e-02	-7.513325e+00
5.770009101834220e-02	-7.510579e+00
5.775868476834221e-02	-7.507693e+00
5.781727851834221e-02	-7.504655e+00
5.787587226834221e-02	-7.501451e+00
5.793446601834221e-02	-7.498063e+00
5.799305976834222e-02	-7.494470e+00
5.805165351834222e-02	-7.490650e+00
5.811024726834222e-02	-7.486570e+00
5.816884101834222e-02	-7.482197e+00
5.822743476834222e-02	-7.477483e+00
5.828602851834223e-02	-7.472373e+00
5.834462226834223e-02	-7.466790e+00
5.840321601834223e-02	-7.460637e+00
5.846180976834223e-02	-7.453781e+00
5.852040351834224e-02	-7.446032e+00
5.857899726834224e-02	-7.437113e+00
5.863759101834224e-02	-7.426593e+00
5.869618476834224e-02	-7.413748e+00
5.875477851834224e-02	-7.397229e+00
5.881337226834225e-02	-7.374105e+00
5.887196601834225e-02	-7.333977e+00
5.893055976834225e-02	-7.219804e+00
5.898915351834225e-02	-6.869592e+00
5.904774726834226e-02	-6.483767e+00
5.905507148709226e-02	-6.435377e+00
5.906971992459226e-02	-6.338495e+00
5.909901679959226e-02	-6.144330e+00
5.915761054959226e-02	-5.754455e+00
5.921620429959226e-02	-5.362629e+00
5.927479804959226e-02	-4.968987e+00
5.933339179959227e-02	-4.573662e+00
5.939198554959227e-02	-4.176786e+00
5.945057929959227e-02	-3.778496e+00
5.950917304959227e-02	-3.378925e+00
5.956776679959228e-02	-2.978209e+00
5.962636054959228e-02	-2.576484e+00
5.968495429959228e-02	-2.173886e+00
5.974354804959228e-02	-1.770552e+00
5.980214179959228e-02	-1.366617e+00
5.986073554959229e-02	-9.622197e-01
5.991932929959229e-02	-5.574962e-01
5.997792304959229e-02	-1.525837e-01
6.000000000000000e-02	-1.616534e-14
