time	V(v0)
0.000000000000000e+00	0.000000e+00
5.859375207251105e-10	4.049709e-06
1.171875041450221e-09	8.099419e-06
2.343750082900442e-09	1.619884e-05
4.687500165800884e-09	3.239767e-05
9.375000331601768e-09	6.479535e-05
1.875000066320354e-08	1.295907e-04
3.750000132640707e-08	2.591814e-04
7.500000265281415e-08	5.183628e-04
1.500000053056283e-07	1.036726e-03
3.000000106112566e-07	2.073451e-03
6.000000212225132e-07	4.146902e-03
1.200000042445026e-06	8.293805e-03
2.400000084890053e-06	1.658761e-02
4.800000169780105e-06	3.317521e-02
9.600000339560211e-06	6.635034e-02
1.920000067912042e-05	1.327001e-01
3.840000135824084e-05	2.653953e-01
7.680000271648169e-05	5.307520e-01
1.353937527164817e-04	9.354923e-01
1.939875027164817e-04	1.339916e+00
2.525812527164817e-04	1.743885e+00
3.111750027164817e-04	2.147263e+00
3.697687527164817e-04	2.549914e+00
4.283625027164817e-04	2.951701e+00
4.869562527164817e-04	3.352488e+00
5.455500027164817e-04	3.752138e+00
6.041437527164817e-04	4.150517e+00
6.627375027164818e-04	4.547491e+00
7.213312527164818e-04	4.942923e+00
7.799250027164819e-04	5.336680e+00
8.385187527164819e-04	5.728629e+00
8.971125027164820e-04	6.118637e+00
9.557062527164820e-04	6.506572e+00
1.014300002716482e-03	6.892243e+00
1.072893752716482e-03	7.232784e+00
1.131487502716482e-03	7.337179e+00
1.190081252716482e-03	7.375694e+00
1.248675002716482e-03	7.398264e+00
1.307268752716482e-03	7.414896e+00
1.365862502716482e-03	7.427413e+00
1.424456252716482e-03	7.437713e+00
1.483050002716483e-03	7.446531e+00
1.541643752716483e-03	7.454215e+00
1.600237502716483e-03	7.461022e+00
1.658831252716483e-03	7.467136e+00
1.717425002716483e-03	7.472687e+00
1.776018752716483e-03	7.477773e+00
1.834612502716483e-03	7.482464e+00
1.893206252716483e-03	7.486819e+00
1.951800002716483e-03	7.490882e+00
2.010393752716483e-03	7.494689e+00
2.068987502716483e-03	7.498268e+00
2.127581252716483e-03	7.501645e+00
2.186175002716483e-03	7.504839e+00
2.244768752716483e-03	7.507867e+00
2.303362502716483e-03	7.510745e+00
2.361956252716483e-03	7.513483e+00
2.420550002716483e-03	7.516093e+00
2.479143752716483e-03	7.518584e+00
2.537737502716483e-03	7.520965e+00
2.596331252716483e-03	7.523242e+00
2.654925002716484e-03	7.525421e+00
2.713518752716484e-03	7.527508e+00
2.772112502716484e-03	7.529508e+00
2.830706252716484e-03	7.531425e+00
2.889300002716484e-03	7.533264e+00
2.947893752716484e-03	7.535028e+00
3.006487502716484e-03	7.536720e+00
3.065081252716484e-03	7.538342e+00
3.123675002716484e-03	7.539898e+00
3.182268752716484e-03	7.541390e+00
3.240862502716484e-03	7.542819e+00
3.299456252716484e-03	7.544189e+00
3.358050002716484e-03	7.545500e+00
3.416643752716484e-03	7.546755e+00
3.475237502716484e-03	7.547955e+00
3.533831252716484e-03	7.549100e+00
3.592425002716484e-03	7.550192e+00
3.651018752716484e-03	7.551234e+00
3.709612502716484e-03	7.552225e+00
3.768206252716485e-03	7.553166e+00
3.826800002716485e-03	7.554059e+00
3.885393752716485e-03	7.554904e+00
3.943987502716484e-03	7.555701e+00
4.002581252716484e-03	7.556452e+00
4.061175002716483e-03	7.557158e+00
4.119768752716483e-03	7.557818e+00
4.178362502716483e-03	7.558434e+00
4.236956252716482e-03	7.559005e+00
4.295550002716482e-03	7.559532e+00
4.354143752716482e-03	7.560016e+00
4.412737502716481e-03	7.560457e+00
4.471331252716481e-03	7.560855e+00
4.529925002716480e-03	7.561211e+00
4.588518752716480e-03	7.561524e+00
4.647112502716480e-03	7.561795e+00
4.705706252716479e-03	7.562025e+00
4.764300002716479e-03	7.562212e+00
4.822893752716479e-03	7.562358e+00
4.881487502716478e-03	7.562463e+00
4.940081252716478e-03	7.562526e+00
4.998675002716477e-03	7.562547e+00
5.057268752716477e-03	7.562528e+00
5.115862502716477e-03	7.562466e+00
5.174456252716476e-03	7.562364e+00
5.233050002716476e-03	7.562220e+00
5.291643752716475e-03	7.562034e+00
5.350237502716475e-03	7.561807e+00
5.408831252716475e-03	7.561537e+00
5.467425002716474e-03	7.561226e+00
5.526018752716474e-03	7.560872e+00
5.584612502716474e-03	7.560476e+00
5.643206252716473e-03	7.560037e+00
5.701800002716473e-03	7.559555e+00
5.760393752716472e-03	7.559030e+00
5.818987502716472e-03	7.558460e+00
5.877581252716472e-03	7.557847e+00
5.936175002716471e-03	7.557189e+00
5.994768752716471e-03	7.556485e+00
6.053362502716471e-03	7.555736e+00
6.111956252716470e-03	7.554941e+00
6.170550002716470e-03	7.554098e+00
6.229143752716469e-03	7.553207e+00
6.287737502716469e-03	7.552268e+00
6.346331252716469e-03	7.551280e+00
6.404925002716468e-03	7.550241e+00
6.463518752716468e-03	7.549150e+00
6.522112502716467e-03	7.548007e+00
6.580706252716467e-03	7.546811e+00
6.639300002716467e-03	7.545558e+00
6.697893752716466e-03	7.544250e+00
6.756487502716466e-03	7.542883e+00
6.815081252716466e-03	7.541456e+00
6.873675002716465e-03	7.539967e+00
6.932268752716465e-03	7.538414e+00
6.990862502716464e-03	7.536795e+00
7.049456252716464e-03	7.535106e+00
7.108050002716464e-03	7.533346e+00
7.166643752716463e-03	7.531510e+00
7.225237502716463e-03	7.529596e+00
7.283831252716462e-03	7.527600e+00
7.342425002716462e-03	7.525517e+00
7.401018752716462e-03	7.523342e+00
7.459612502716461e-03	7.521070e+00
7.518206252716461e-03	7.518694e+00
7.576800002716461e-03	7.516208e+00
7.635393752716460e-03	7.513604e+00
7.693987502716460e-03	7.510871e+00
7.752581252716459e-03	7.508000e+00
7.811175002716459e-03	7.504979e+00
7.869768752716460e-03	7.501793e+00
7.928362502716460e-03	7.498425e+00
7.986956252716461e-03	7.494855e+00
8.045550002716461e-03	7.491059e+00
8.104143752716461e-03	7.487009e+00
8.162737502716462e-03	7.482667e+00
8.221331252716462e-03	7.477992e+00
8.279925002716463e-03	7.472925e+00
8.338518752716463e-03	7.467396e+00
8.397112502716464e-03	7.461308e+00
8.455706252716464e-03	7.454533e+00
8.514300002716465e-03	7.446887e+00
8.572893752716465e-03	7.438108e+00
8.631487502716466e-03	7.427782e+00
8.690081252716466e-03	7.415226e+00
8.748675002716467e-03	7.399186e+00
8.807268752716467e-03	7.376983e+00
8.865862502716468e-03	7.339570e+00
8.924456252716468e-03	7.241866e+00
8.983050002716469e-03	6.909610e+00
9.041643752716469e-03	6.524066e+00
9.048967971466470e-03	6.475704e+00
9.063616408966470e-03	6.378879e+00
9.092913283966469e-03	6.184824e+00
9.151507033966470e-03	5.795160e+00
9.210100783966470e-03	5.403532e+00
9.268694533966471e-03	5.010073e+00
9.327288283966471e-03	4.614916e+00
9.385882033966472e-03	4.218196e+00
9.444475783966472e-03	3.820047e+00
9.503069533966473e-03	3.420603e+00
9.561663283966473e-03	3.020000e+00
9.620257033966474e-03	2.618374e+00
9.678850783966474e-03	2.215860e+00
9.737444533966475e-03	1.812596e+00
9.796038283966475e-03	1.408718e+00
9.854632033966476e-03	1.004362e+00
9.913225783966476e-03	5.996661e-01
9.971819533966477e-03	1.947668e-01
1.003041328396648e-02	-2.101983e-01
1.008900703396648e-02	-6.150923e-01
1.014760078396648e-02	-1.019778e+00
1.020619453396648e-02	-1.424118e+00
1.026478828396648e-02	-1.827975e+00
1.032338203396648e-02	-2.231213e+00
1.038197578396648e-02	-2.633695e+00
1.044056953396648e-02	-3.035285e+00
1.049916328396648e-02	-3.435846e+00
1.055775703396648e-02	-3.835243e+00
1.061635078396648e-02	-4.233341e+00
1.067494453396648e-02	-4.630004e+00
1.073353828396648e-02	-5.025096e+00
1.079213203396648e-02	-5.414151e+00
1.085072578396648e-02	-5.612168e+00
1.090931953396648e-02	-5.664378e+00
1.096791328396649e-02	-5.691864e+00
1.102650703396649e-02	-5.710139e+00
1.108510078396649e-02	-5.724302e+00
1.114369453396649e-02	-5.735511e+00
1.120228828396649e-02	-5.744936e+00
1.126088203396649e-02	-5.753103e+00
1.131947578396649e-02	-5.760305e+00
1.137806953396649e-02	-5.766750e+00
1.143666328396649e-02	-5.772587e+00
1.149525703396649e-02	-5.777924e+00
1.155385078396649e-02	-5.782843e+00
1.161244453396649e-02	-5.787405e+00
1.167103828396649e-02	-5.791659e+00
1.172963203396649e-02	-5.795646e+00
1.178822578396649e-02	-5.799396e+00
1.184681953396649e-02	-5.802936e+00
1.190541328396649e-02	-5.806287e+00
1.196400703396649e-02	-5.809467e+00
1.202260078396649e-02	-5.812492e+00
1.208119453396649e-02	-5.815375e+00
1.213978828396649e-02	-5.818128e+00
1.219838203396650e-02	-5.820759e+00
1.225697578396650e-02	-5.823278e+00
1.231556953396650e-02	-5.825692e+00
1.237416328396650e-02	-5.828007e+00
1.243275703396650e-02	-5.830230e+00
1.249135078396650e-02	-5.832365e+00
1.254994453396650e-02	-5.834417e+00
1.260853828396650e-02	-5.836391e+00
1.266713203396650e-02	-5.838289e+00
1.272572578396650e-02	-5.840116e+00
1.278431953396650e-02	-5.841874e+00
1.284291328396650e-02	-5.843566e+00
1.290150703396650e-02	-5.845194e+00
1.296010078396650e-02	-5.846761e+00
1.301869453396650e-02	-5.848269e+00
1.307728828396650e-02	-5.849719e+00
1.313588203396650e-02	-5.851113e+00
1.319447578396650e-02	-5.852453e+00
1.325306953396650e-02	-5.853740e+00
1.331166328396650e-02	-5.854976e+00
1.337025703396650e-02	-5.856161e+00
1.342885078396651e-02	-5.857297e+00
1.348744453396651e-02	-5.858385e+00
1.354603828396651e-02	-5.859425e+00
1.360463203396651e-02	-5.860418e+00
1.366322578396651e-02	-5.861366e+00
1.372181953396651e-02	-5.862269e+00
1.378041328396651e-02	-5.863128e+00
1.383900703396651e-02	-5.863943e+00
1.389760078396651e-02	-5.864715e+00
1.395619453396651e-02	-5.865444e+00
1.401478828396651e-02	-5.866131e+00
1.407338203396651e-02	-5.866776e+00
1.413197578396651e-02	-5.867380e+00
1.419056953396651e-02	-5.867943e+00
1.424916328396651e-02	-5.868465e+00
1.430775703396651e-02	-5.868947e+00
1.436635078396651e-02	-5.869389e+00
1.442494453396651e-02	-5.869791e+00
1.448353828396651e-02	-5.870153e+00
1.454213203396651e-02	-5.870476e+00
1.460072578396652e-02	-5.870760e+00
1.465931953396652e-02	-5.871005e+00
1.471791328396652e-02	-5.871210e+00
1.477650703396652e-02	-5.871377e+00
1.483510078396652e-02	-5.871505e+00
1.489369453396652e-02	-5.871595e+00
1.495228828396652e-02	-5.871645e+00
1.501088203396652e-02	-5.871658e+00
1.506947578396652e-02	-5.871631e+00
1.512806953396652e-02	-5.871566e+00
1.518666328396652e-02	-5.871462e+00
1.524525703396652e-02	-5.871320e+00
1.530385078396652e-02	-5.871139e+00
1.536244453396652e-02	-5.870918e+00
1.542103828396652e-02	-5.870659e+00
1.547963203396652e-02	-5.870361e+00
1.553822578396652e-02	-5.870023e+00
1.559681953396652e-02	-5.869646e+00
1.565541328396652e-02	-5.869229e+00
1.571400703396652e-02	-5.868773e+00
1.577260078396652e-02	-5.868276e+00
1.583119453396652e-02	-5.867739e+00
1.588978828396652e-02	-5.867160e+00
1.594838203396652e-02	-5.866541e+00
1.600697578396652e-02	-5.865880e+00
1.606556953396652e-02	-5.865178e+00
1.612416328396651e-02	-5.864433e+00
1.618275703396651e-02	-5.863646e+00
1.624135078396651e-02	-5.862814e+00
1.629994453396651e-02	-5.861939e+00
1.635853828396651e-02	-5.861020e+00
1.641713203396651e-02	-5.860055e+00
1.647572578396651e-02	-5.859044e+00
1.653431953396651e-02	-5.857986e+00
1.659291328396650e-02	-5.856881e+00
1.665150703396650e-02	-5.855727e+00
1.671010078396650e-02	-5.854523e+00
1.676869453396650e-02	-5.853268e+00
1.682728828396650e-02	-5.851962e+00
1.688588203396650e-02	-5.850602e+00
1.694447578396650e-02	-5.849187e+00
1.700306953396650e-02	-5.847716e+00
1.706166328396649e-02	-5.846186e+00
1.712025703396649e-02	-5.844597e+00
1.717885078396649e-02	-5.842945e+00
1.723744453396649e-02	-5.841229e+00
1.729603828396649e-02	-5.839446e+00
1.735463203396649e-02	-5.837593e+00
1.741322578396649e-02	-5.835667e+00
1.747181953396649e-02	-5.833664e+00
1.753041328396648e-02	-5.831582e+00
1.758900703396648e-02	-5.829414e+00
1.764760078396648e-02	-5.827158e+00
1.770619453396648e-02	-5.824807e+00
1.776478828396648e-02	-5.822355e+00
1.782338203396648e-02	-5.819795e+00
1.788197578396648e-02	-5.817120e+00
1.794056953396648e-02	-5.814321e+00
1.799916328396647e-02	-5.811386e+00
1.805775703396647e-02	-5.808305e+00
1.811635078396647e-02	-5.805063e+00
1.817494453396647e-02	-5.801644e+00
1.823353828396647e-02	-5.798029e+00
1.829213203396647e-02	-5.794194e+00
1.835072578396647e-02	-5.790112e+00
1.840931953396647e-02	-5.785748e+00
1.846791328396646e-02	-5.781059e+00
1.852650703396646e-02	-5.775993e+00
1.858510078396646e-02	-5.770480e+00
1.864369453396646e-02	-5.764430e+00
1.870228828396646e-02	-5.757721e+00
1.876088203396646e-02	-5.750183e+00
1.881947578396646e-02	-5.741568e+00
1.887806953396646e-02	-5.731500e+00
1.893666328396645e-02	-5.719359e+00
1.899525703396645e-02	-5.704032e+00
1.905385078396645e-02	-5.683216e+00
1.911244453396645e-02	-5.649693e+00
1.917103828396645e-02	-5.572508e+00
1.922963203396645e-02	-5.272296e+00
1.928822578396645e-02	-4.878536e+00
1.929555000271645e-02	-4.829162e+00
1.931019844021645e-02	-4.730338e+00
1.933949531521645e-02	-4.532391e+00
1.939808906521645e-02	-4.135362e+00
1.945668281521645e-02	-3.736931e+00
1.951527656521644e-02	-3.337235e+00
1.957387031521644e-02	-2.936408e+00
1.963246406521644e-02	-2.534585e+00
1.969105781521644e-02	-2.131904e+00
1.974965156521644e-02	-1.728501e+00
1.980824531521644e-02	-1.324512e+00
1.986683906521644e-02	-9.200739e-01
1.992543281521644e-02	-5.153242e-01
1.998402656521643e-02	-1.104000e-01
1.999135078396643e-02	-5.977901e-02
2.000599922146644e-02	4.146362e-02
2.003529609646644e-02	2.439441e-01
2.009388984646644e-02	6.488259e-01
2.015248359646643e-02	1.053488e+00
2.021107734646643e-02	1.457793e+00
2.026967109646643e-02	1.861604e+00
2.032826484646643e-02	2.264784e+00
2.038685859646643e-02	2.667197e+00
2.044545234646643e-02	3.068706e+00
2.050404609646643e-02	3.469176e+00
2.056263984646643e-02	3.868470e+00
2.062123359646642e-02	4.266453e+00
2.067982734646642e-02	4.662990e+00
2.073842109646642e-02	5.057948e+00
2.079701484646642e-02	5.451191e+00
2.085560859646642e-02	5.842588e+00
2.091420234646642e-02	6.232005e+00
2.097279609646642e-02	6.619310e+00
2.103138984646642e-02	7.003858e+00
2.108998359646641e-02	7.280191e+00
2.114857734646641e-02	7.351176e+00
2.120717109646641e-02	7.383022e+00
2.126576484646641e-02	7.403490e+00
2.132435859646641e-02	7.418808e+00
2.138295234646641e-02	7.430604e+00
2.144154609646641e-02	7.440423e+00
2.150013984646641e-02	7.448876e+00
2.155873359646640e-02	7.456281e+00
2.161732734646640e-02	7.462870e+00
2.167592109646640e-02	7.468809e+00
2.173451484646640e-02	7.474215e+00
2.179310859646640e-02	7.479179e+00
2.185170234646640e-02	7.483767e+00
2.191029609646640e-02	7.488032e+00
2.196888984646640e-02	7.492017e+00
2.202748359646639e-02	7.495755e+00
2.208607734646639e-02	7.499273e+00
2.214467109646639e-02	7.502594e+00
2.220326484646639e-02	7.505738e+00
2.226185859646639e-02	7.508721e+00
2.232045234646639e-02	7.511557e+00
2.237904609646639e-02	7.514257e+00
2.243763984646639e-02	7.516831e+00
2.249623359646638e-02	7.519289e+00
2.255482734646638e-02	7.521639e+00
2.261342109646638e-02	7.523887e+00
2.267201484646638e-02	7.526039e+00
2.273060859646638e-02	7.528100e+00
2.278920234646638e-02	7.530076e+00
2.284779609646638e-02	7.531970e+00
2.290638984646638e-02	7.533786e+00
2.296498359646637e-02	7.535529e+00
2.302357734646637e-02	7.537200e+00
2.308217109646637e-02	7.538803e+00
2.314076484646637e-02	7.540340e+00
2.319935859646637e-02	7.541813e+00
2.325795234646637e-02	7.543225e+00
2.331654609646637e-02	7.544578e+00
2.337513984646637e-02	7.545872e+00
2.343373359646636e-02	7.547111e+00
2.349232734646636e-02	7.548294e+00
2.355092109646636e-02	7.549424e+00
2.360951484646636e-02	7.550501e+00
2.366810859646636e-02	7.551528e+00
2.372670234646636e-02	7.552504e+00
2.378529609646636e-02	7.553431e+00
2.384388984646636e-02	7.554310e+00
2.390248359646635e-02	7.555141e+00
2.396107734646635e-02	7.555925e+00
2.401967109646635e-02	7.556663e+00
2.407826484646635e-02	7.557355e+00
2.413685859646635e-02	7.558002e+00
2.419545234646635e-02	7.558605e+00
2.425404609646635e-02	7.559163e+00
2.431263984646635e-02	7.559678e+00
2.437123359646634e-02	7.560149e+00
2.442982734646634e-02	7.560577e+00
2.448842109646634e-02	7.560963e+00
2.454701484646634e-02	7.561306e+00
2.460560859646634e-02	7.561607e+00
2.466420234646634e-02	7.561866e+00
2.472279609646634e-02	7.562084e+00
2.478138984646634e-02	7.562259e+00
2.483998359646633e-02	7.562393e+00
2.489857734646633e-02	7.562485e+00
2.495717109646633e-02	7.562536e+00
2.501576484646633e-02	7.562546e+00
2.507435859646633e-02	7.562514e+00
2.513295234646633e-02	7.562441e+00
2.519154609646633e-02	7.562326e+00
2.525013984646633e-02	7.562170e+00
2.530873359646632e-02	7.561972e+00
2.536732734646632e-02	7.561732e+00
2.542592109646632e-02	7.561450e+00
2.548451484646632e-02	7.561127e+00
2.554310859646632e-02	7.560761e+00
2.560170234646632e-02	7.560352e+00
2.566029609646632e-02	7.559901e+00
2.571888984646632e-02	7.559406e+00
2.577748359646631e-02	7.558868e+00
2.583607734646631e-02	7.558286e+00
2.589467109646631e-02	7.557660e+00
2.595326484646631e-02	7.556988e+00
2.601185859646631e-02	7.556272e+00
2.607045234646631e-02	7.555509e+00
2.612904609646631e-02	7.554699e+00
2.618763984646631e-02	7.553843e+00
2.624623359646630e-02	7.552938e+00
2.630482734646630e-02	7.551985e+00
2.636342109646630e-02	7.550982e+00
2.642201484646630e-02	7.549928e+00
2.648060859646630e-02	7.548822e+00
2.653920234646630e-02	7.547664e+00
2.659779609646630e-02	7.546451e+00
2.665638984646630e-02	7.545183e+00
2.671498359646629e-02	7.543857e+00
2.677357734646629e-02	7.542473e+00
2.683217109646629e-02	7.541028e+00
2.689076484646629e-02	7.539521e+00
2.694935859646629e-02	7.537949e+00
2.700795234646629e-02	7.536309e+00
2.706654609646629e-02	7.534600e+00
2.712513984646629e-02	7.532818e+00
2.718373359646628e-02	7.530961e+00
2.724232734646628e-02	7.529023e+00
2.730092109646628e-02	7.527002e+00
2.735951484646628e-02	7.524892e+00
2.741810859646628e-02	7.522689e+00
2.747670234646628e-02	7.520388e+00
2.753529609646628e-02	7.517981e+00
2.759388984646628e-02	7.515461e+00
2.765248359646627e-02	7.512820e+00
2.771107734646627e-02	7.510048e+00
2.776967109646627e-02	7.507135e+00
2.782826484646627e-02	7.504067e+00
2.788685859646627e-02	7.500830e+00
2.794545234646627e-02	7.497405e+00
2.800404609646627e-02	7.493772e+00
2.806263984646627e-02	7.489905e+00
2.812123359646626e-02	7.485774e+00
2.817982734646626e-02	7.481340e+00
2.823842109646626e-02	7.476557e+00
2.829701484646626e-02	7.471364e+00
2.835560859646626e-02	7.465683e+00
2.841420234646626e-02	7.459410e+00
2.847279609646626e-02	7.452403e+00
2.853138984646626e-02	7.444459e+00
2.858998359646625e-02	7.435279e+00
2.864857734646625e-02	7.424391e+00
2.870717109646625e-02	7.410988e+00
2.876576484646625e-02	7.393532e+00
2.882435859646625e-02	7.367995e+00
2.888295234646625e-02	7.322427e+00
2.894154609646625e-02	7.168931e+00
2.900013984646625e-02	6.797445e+00
2.905873359646624e-02	6.411169e+00
2.906605781521624e-02	6.362728e+00
2.908070625271625e-02	6.265745e+00
2.911000312771625e-02	6.071383e+00
2.916859687771624e-02	5.681132e+00
2.922719062771624e-02	5.288956e+00
2.928578437771624e-02	4.894988e+00
2.934437812771624e-02	4.499362e+00
2.940297187771624e-02	4.102211e+00
2.946156562771624e-02	3.703670e+00
2.952015937771624e-02	3.303874e+00
2.957875312771624e-02	2.902959e+00
2.963734687771623e-02	2.501060e+00
2.969594062771623e-02	2.098313e+00
2.975453437771623e-02	1.694856e+00
2.981312812771623e-02	1.290824e+00
2.987172187771623e-02	8.863547e-01
2.993031562771623e-02	4.815853e-01
2.998890937771623e-02	7.665272e-02
2.999623359646623e-02	2.603151e-02
3.001088203396623e-02	-7.521107e-02
3.004017890896623e-02	-2.776893e-01
3.009877265896623e-02	-6.825581e-01
3.015736640896623e-02	-1.087196e+00
3.021596015896623e-02	-1.491465e+00
3.027455390896622e-02	-1.895228e+00
3.033314765896622e-02	-2.298350e+00
3.039174140896622e-02	-2.700693e+00
3.045033515896622e-02	-3.102120e+00
3.050892890896622e-02	-3.502497e+00
3.056752265896622e-02	-3.901687e+00
3.062611640896622e-02	-4.299555e+00
3.068471015896622e-02	-4.695966e+00
3.074330390896621e-02	-5.090777e+00
3.080189765896621e-02	-5.470891e+00
3.086049140896621e-02	-5.624485e+00
3.091908515896621e-02	-5.670076e+00
3.097767890896621e-02	-5.695272e+00
3.103627265896621e-02	-5.712717e+00
3.109486640896621e-02	-5.726319e+00
3.115346015896621e-02	-5.737187e+00
3.121205390896620e-02	-5.746376e+00
3.127064765896621e-02	-5.754364e+00
3.132924140896621e-02	-5.761427e+00
3.138783515896621e-02	-5.767762e+00
3.144642890896621e-02	-5.773509e+00
3.150502265896622e-02	-5.778771e+00
3.156361640896622e-02	-5.783626e+00
3.162221015896622e-02	-5.788134e+00
3.168080390896622e-02	-5.792342e+00
3.173939765896622e-02	-5.796287e+00
3.179799140896623e-02	-5.800000e+00
3.185658515896623e-02	-5.803507e+00
3.191517890896623e-02	-5.806828e+00
3.197377265896623e-02	-5.809982e+00
3.203236640896624e-02	-5.812983e+00
3.209096015896624e-02	-5.815843e+00
3.214955390896624e-02	-5.818574e+00
3.220814765896624e-02	-5.821187e+00
3.226674140896624e-02	-5.823687e+00
3.232533515896625e-02	-5.826084e+00
3.238392890896625e-02	-5.828383e+00
3.244252265896625e-02	-5.830592e+00
3.250111640896625e-02	-5.832713e+00
3.255971015896626e-02	-5.834752e+00
3.261830390896626e-02	-5.836712e+00
3.267689765896626e-02	-5.838599e+00
3.273549140896626e-02	-5.840414e+00
3.279408515896626e-02	-5.842161e+00
3.285267890896627e-02	-5.843842e+00
3.291127265896627e-02	-5.845460e+00
3.296986640896627e-02	-5.847017e+00
3.302846015896627e-02	-5.848515e+00
3.308705390896628e-02	-5.849955e+00
3.314564765896628e-02	-5.851340e+00
3.320424140896628e-02	-5.852671e+00
3.326283515896628e-02	-5.853950e+00
3.332142890896628e-02	-5.855177e+00
3.338002265896629e-02	-5.856354e+00
3.343861640896629e-02	-5.857481e+00
3.349721015896629e-02	-5.858561e+00
3.355580390896629e-02	-5.859593e+00
3.361439765896630e-02	-5.860579e+00
3.367299140896630e-02	-5.861520e+00
3.373158515896630e-02	-5.862416e+00
3.379017890896630e-02	-5.863267e+00
3.384877265896630e-02	-5.864075e+00
3.390736640896631e-02	-5.864839e+00
3.396596015896631e-02	-5.865561e+00
3.402455390896631e-02	-5.866241e+00
3.408314765896631e-02	-5.866879e+00
3.414174140896632e-02	-5.867476e+00
3.420033515896632e-02	-5.868032e+00
3.425892890896632e-02	-5.868548e+00
3.431752265896632e-02	-5.869023e+00
3.437611640896632e-02	-5.869459e+00
3.443471015896633e-02	-5.869854e+00
3.449330390896633e-02	-5.870210e+00
3.455189765896633e-02	-5.870526e+00
3.461049140896633e-02	-5.870803e+00
3.466908515896634e-02	-5.871042e+00
3.472767890896634e-02	-5.871241e+00
3.478627265896634e-02	-5.871401e+00
3.484486640896634e-02	-5.871523e+00
3.490346015896634e-02	-5.871606e+00
3.496205390896635e-02	-5.871650e+00
3.502064765896635e-02	-5.871656e+00
3.507924140896635e-02	-5.871623e+00
3.513783515896635e-02	-5.871552e+00
3.519642890896636e-02	-5.871441e+00
3.525502265896636e-02	-5.871292e+00
3.531361640896636e-02	-5.871104e+00
3.537221015896636e-02	-5.870878e+00
3.543080390896636e-02	-5.870612e+00
3.548939765896637e-02	-5.870307e+00
3.554799140896637e-02	-5.869963e+00
3.560658515896637e-02	-5.869579e+00
3.566517890896637e-02	-5.869156e+00
3.572377265896638e-02	-5.868692e+00
3.578236640896638e-02	-5.868189e+00
3.584096015896638e-02	-5.867645e+00
3.589955390896638e-02	-5.867060e+00
3.595814765896638e-02	-5.866434e+00
3.601674140896639e-02	-5.865767e+00
3.607533515896639e-02	-5.865057e+00
3.613392890896639e-02	-5.864305e+00
3.619252265896639e-02	-5.863510e+00
3.625111640896640e-02	-5.862671e+00
3.630971015896640e-02	-5.861789e+00
3.636830390896640e-02	-5.860862e+00
3.642689765896640e-02	-5.859890e+00
3.648549140896640e-02	-5.858871e+00
3.654408515896641e-02	-5.857805e+00
3.660267890896641e-02	-5.856692e+00
3.666127265896641e-02	-5.855529e+00
3.671986640896641e-02	-5.854317e+00
3.677846015896642e-02	-5.853054e+00
3.683705390896642e-02	-5.851739e+00
3.689564765896642e-02	-5.850370e+00
3.695424140896642e-02	-5.848946e+00
3.701283515896642e-02	-5.847465e+00
3.707142890896643e-02	-5.845926e+00
3.713002265896643e-02	-5.844326e+00
3.718861640896643e-02	-5.842664e+00
3.724721015896643e-02	-5.840937e+00
3.730580390896644e-02	-5.839142e+00
3.736439765896644e-02	-5.837277e+00
3.742299140896644e-02	-5.835339e+00
3.748158515896644e-02	-5.833323e+00
3.754017890896644e-02	-5.831226e+00
3.759877265896645e-02	-5.829045e+00
3.765736640896645e-02	-5.826773e+00
3.771596015896645e-02	-5.824405e+00
3.777455390896645e-02	-5.821936e+00
3.783314765896646e-02	-5.819357e+00
3.789174140896646e-02	-5.816662e+00
3.795033515896646e-02	-5.813841e+00
3.800892890896646e-02	-5.810883e+00
3.806752265896646e-02	-5.807776e+00
3.812611640896647e-02	-5.804506e+00
3.818471015896647e-02	-5.801056e+00
3.824330390896647e-02	-5.797406e+00
3.830189765896647e-02	-5.793532e+00
3.836049140896648e-02	-5.789405e+00
3.841908515896648e-02	-5.784990e+00
3.847767890896648e-02	-5.780243e+00
3.853627265896648e-02	-5.775107e+00
3.859486640896648e-02	-5.769512e+00
3.865346015896649e-02	-5.763361e+00
3.871205390896649e-02	-5.756528e+00
3.877064765896649e-02	-5.748830e+00
3.882924140896649e-02	-5.740004e+00
3.888783515896650e-02	-5.729642e+00
3.894642890896650e-02	-5.717068e+00
3.900502265896650e-02	-5.701036e+00
3.906361640896650e-02	-5.678902e+00
3.912221015896650e-02	-5.641759e+00
3.918080390896651e-02	-5.545139e+00
3.923939765896651e-02	-5.206944e+00
3.929799140896651e-02	-4.812698e+00
3.930531562771651e-02	-4.763290e+00
3.931996406521651e-02	-4.664399e+00
3.934926094021651e-02	-4.466322e+00
3.940785469021651e-02	-4.069050e+00
3.946644844021652e-02	-3.670400e+00
3.952504219021652e-02	-3.270505e+00
3.958363594021652e-02	-2.869503e+00
3.964222969021652e-02	-2.467528e+00
3.970082344021653e-02	-2.064717e+00
3.975941719021653e-02	-1.661206e+00
3.981801094021653e-02	-1.257133e+00
3.987660469021653e-02	-8.526335e-01
3.993519844021653e-02	-4.478453e-01
3.999379219021654e-02	-4.290527e-02
4.000111640896654e-02	7.716065e-03
4.001576484646654e-02	1.089583e-01
4.004506172146654e-02	3.114339e-01
4.010365547146654e-02	7.162886e-01
4.016224922146654e-02	1.120901e+00
4.022084297146655e-02	1.525133e+00
4.027943672146655e-02	1.928848e+00
4.033803047146655e-02	2.331910e+00
4.039662422146655e-02	2.734182e+00
4.045521797146655e-02	3.135527e+00
4.051381172146656e-02	3.535810e+00
4.057240547146656e-02	3.934895e+00
4.063099922146656e-02	4.332646e+00
4.068959297146656e-02	4.728930e+00
4.074818672146657e-02	5.123611e+00
4.080678047146657e-02	5.516556e+00
4.086537422146657e-02	5.907632e+00
4.092396797146657e-02	6.296706e+00
4.098256172146657e-02	6.683646e+00
4.104115547146658e-02	7.066592e+00
4.109974922146658e-02	7.298499e+00
4.115834297146658e-02	7.357742e+00
4.121693672146658e-02	7.387400e+00
4.127553047146659e-02	7.406288e+00
4.133412422146659e-02	7.420892e+00
4.139271797146659e-02	7.432350e+00
4.145131172146659e-02	7.441919e+00
4.150990547146659e-02	7.450177e+00
4.156849922146660e-02	7.457431e+00
4.162709297146660e-02	7.463902e+00
4.168568672146660e-02	7.469744e+00
4.174428047146660e-02	7.475071e+00
4.180287422146661e-02	7.479968e+00
4.186146797146661e-02	7.484499e+00
4.192006172146661e-02	7.488715e+00
4.197865547146661e-02	7.492656e+00
4.203724922146661e-02	7.496356e+00
4.209584297146662e-02	7.499839e+00
4.215443672146662e-02	7.503130e+00
4.221303047146662e-02	7.506247e+00
4.227162422146662e-02	7.509204e+00
4.233021797146663e-02	7.512016e+00
4.238881172146663e-02	7.514694e+00
4.244740547146663e-02	7.517249e+00
4.250599922146663e-02	7.519689e+00
4.256459297146663e-02	7.522021e+00
4.262318672146664e-02	7.524252e+00
4.268178047146664e-02	7.526388e+00
4.274037422146664e-02	7.528435e+00
4.279896797146664e-02	7.530397e+00
4.285756172146665e-02	7.532278e+00
4.291615547146665e-02	7.534082e+00
4.297474922146665e-02	7.535812e+00
4.303334297146665e-02	7.537472e+00
4.309193672146665e-02	7.539063e+00
4.315053047146666e-02	7.540590e+00
4.320912422146666e-02	7.542053e+00
4.326771797146666e-02	7.543455e+00
4.332631172146666e-02	7.544797e+00
4.338490547146667e-02	7.546082e+00
4.344349922146667e-02	7.547311e+00
4.350209297146667e-02	7.548486e+00
4.356068672146667e-02	7.549607e+00
4.361928047146667e-02	7.550676e+00
4.367787422146668e-02	7.551694e+00
4.373646797146668e-02	7.552662e+00
4.379506172146668e-02	7.553581e+00
4.385365547146668e-02	7.554451e+00
4.391224922146669e-02	7.555275e+00
4.397084297146669e-02	7.556051e+00
4.402943672146669e-02	7.556781e+00
4.408803047146669e-02	7.557466e+00
4.414662422146669e-02	7.558106e+00
4.420521797146670e-02	7.558701e+00
4.426381172146670e-02	7.559252e+00
4.432240547146670e-02	7.559760e+00
4.438099922146670e-02	7.560224e+00
4.443959297146671e-02	7.560645e+00
4.449818672146671e-02	7.561023e+00
4.455678047146671e-02	7.561359e+00
4.461537422146671e-02	7.561654e+00
4.467396797146671e-02	7.561905e+00
4.473256172146672e-02	7.562116e+00
4.479115547146672e-02	7.562284e+00
4.484974922146672e-02	7.562411e+00
4.490834297146672e-02	7.562497e+00
4.496693672146673e-02	7.562541e+00
4.502553047146673e-02	7.562543e+00
4.508412422146673e-02	7.562505e+00
4.514271797146673e-02	7.562425e+00
4.520131172146673e-02	7.562303e+00
4.525990547146674e-02	7.562140e+00
4.531849922146674e-02	7.561935e+00
4.537709297146674e-02	7.561688e+00
4.543568672146674e-02	7.561399e+00
4.549428047146675e-02	7.561069e+00
4.555287422146675e-02	7.560696e+00
4.561146797146675e-02	7.560280e+00
4.567006172146675e-02	7.559822e+00
4.572865547146675e-02	7.559319e+00
4.578724922146676e-02	7.558774e+00
4.584584297146676e-02	7.558185e+00
4.590443672146676e-02	7.557551e+00
4.596303047146676e-02	7.556872e+00
4.602162422146677e-02	7.556148e+00
4.608021797146677e-02	7.555377e+00
4.613881172146677e-02	7.554560e+00
4.619740547146677e-02	7.553696e+00
4.625599922146677e-02	7.552783e+00
4.631459297146678e-02	7.551821e+00
4.637318672146678e-02	7.550810e+00
4.643178047146678e-02	7.549747e+00
4.649037422146678e-02	7.548633e+00
4.654896797146679e-02	7.547465e+00
4.660756172146679e-02	7.546244e+00
4.666615547146679e-02	7.544966e+00
4.672474922146679e-02	7.543631e+00
4.678334297146679e-02	7.542236e+00
4.684193672146680e-02	7.540781e+00
4.690053047146680e-02	7.539263e+00
4.695912422146680e-02	7.537680e+00
4.701771797146680e-02	7.536029e+00
4.707631172146681e-02	7.534308e+00
4.713490547146681e-02	7.532514e+00
4.719349922146681e-02	7.530643e+00
4.725209297146681e-02	7.528692e+00
4.731068672146681e-02	7.526656e+00
4.736928047146682e-02	7.524532e+00
4.742787422146682e-02	7.522313e+00
4.748646797146682e-02	7.519994e+00
4.754506172146682e-02	7.517569e+00
4.760365547146683e-02	7.515029e+00
4.766224922146683e-02	7.512368e+00
4.772084297146683e-02	7.509573e+00
4.777943672146683e-02	7.506635e+00
4.783803047146683e-02	7.503540e+00
4.789662422146684e-02	7.500273e+00
4.795521797146684e-02	7.496815e+00
4.801381172146684e-02	7.493145e+00
4.807240547146684e-02	7.489236e+00
4.813099922146685e-02	7.485057e+00
4.818959297146685e-02	7.480569e+00
4.824818672146685e-02	7.475722e+00
4.830678047146685e-02	7.470454e+00
4.836537422146685e-02	7.464682e+00
4.842396797146686e-02	7.458297e+00
4.848256172146686e-02	7.451150e+00
4.854115547146686e-02	7.443025e+00
4.859974922146686e-02	7.433599e+00
4.865834297146687e-02	7.422361e+00
4.871693672146687e-02	7.408419e+00
4.877553047146687e-02	7.390037e+00
4.883412422146687e-02	7.362430e+00
4.889271797146687e-02	7.310079e+00
4.895131172146688e-02	7.113335e+00
4.900990547146688e-02	6.733227e+00
4.906849922146688e-02	6.346573e+00
4.907582344021688e-02	6.298087e+00
4.909047187771688e-02	6.201015e+00
4.911976875271688e-02	6.006480e+00
4.917836250271689e-02	5.615899e+00
4.923695625271689e-02	5.223416e+00
4.929555000271689e-02	4.829162e+00
4.935414375271689e-02	4.433272e+00
4.941273750271689e-02	4.035880e+00
4.947133125271690e-02	3.637121e+00
4.952992500271690e-02	3.237129e+00
4.958851875271690e-02	2.836040e+00
4.964711250271690e-02	2.433990e+00
4.970570625271691e-02	2.031116e+00
4.976430000271691e-02	1.627553e+00
4.982289375271691e-02	1.223439e+00
4.988148750271691e-02	8.189104e-01
4.994008125271691e-02	4.141042e-01
4.999867500271692e-02	9.157724e-03
5.000599922146692e-02	-4.146362e-02
5.002064765896692e-02	-1.427054e-01
5.004994453396692e-02	-3.451777e-01
5.010853828396692e-02	-7.500174e-01
5.016713203396692e-02	-1.154603e+00
5.022572578396692e-02	-1.558797e+00
5.028431953396693e-02	-1.962464e+00
5.034291328396693e-02	-2.365465e+00
5.040150703396693e-02	-2.767665e+00
5.046010078396693e-02	-3.168926e+00
5.051869453396694e-02	-3.569115e+00
5.057728828396694e-02	-3.968094e+00
5.063588203396694e-02	-4.365728e+00
5.069447578396694e-02	-4.761883e+00
5.075306953396694e-02	-5.156395e+00
5.081166328396695e-02	-5.517354e+00
5.087025703396695e-02	-5.634823e+00
5.092885078396695e-02	-5.674920e+00
5.098744453396695e-02	-5.698533e+00
5.104603828396696e-02	-5.715619e+00
5.110463203396696e-02	-5.728334e+00
5.116322578396696e-02	-5.738805e+00
5.122181953396696e-02	-5.747779e+00
5.128041328396696e-02	-5.755599e+00
5.133900703396697e-02	-5.762529e+00
5.139760078396697e-02	-5.768757e+00
5.145619453396697e-02	-5.774417e+00
5.151478828396697e-02	-5.779607e+00
5.157338203396698e-02	-5.784400e+00
5.163197578396698e-02	-5.788855e+00
5.169056953396698e-02	-5.793016e+00
5.174916328396698e-02	-5.796921e+00
5.180775703396698e-02	-5.800599e+00
5.186635078396699e-02	-5.804073e+00
5.192494453396699e-02	-5.807365e+00
5.198353828396699e-02	-5.810493e+00
5.204213203396699e-02	-5.813469e+00
5.210072578396700e-02	-5.816307e+00
5.215931953396700e-02	-5.819018e+00
5.221791328396700e-02	-5.821611e+00
5.227650703396700e-02	-5.824094e+00
5.233510078396700e-02	-5.826474e+00
5.239369453396701e-02	-5.828758e+00
5.245228828396701e-02	-5.830951e+00
5.251088203396701e-02	-5.833058e+00
5.256947578396701e-02	-5.835083e+00
5.262806953396702e-02	-5.837032e+00
5.268666328396702e-02	-5.838906e+00
5.274525703396702e-02	-5.840710e+00
5.280385078396702e-02	-5.842445e+00
5.286244453396702e-02	-5.844116e+00
5.292103828396703e-02	-5.845724e+00
5.297963203396703e-02	-5.847270e+00
5.303822578396703e-02	-5.848759e+00
5.309681953396703e-02	-5.850190e+00
5.315541328396704e-02	-5.851566e+00
5.321400703396704e-02	-5.852888e+00
5.327260078396704e-02	-5.854158e+00
5.333119453396704e-02	-5.855376e+00
5.338978828396704e-02	-5.856545e+00
5.344838203396705e-02	-5.857665e+00
5.350697578396705e-02	-5.858737e+00
5.356556953396705e-02	-5.859761e+00
5.362416328396705e-02	-5.860740e+00
5.368275703396706e-02	-5.861672e+00
5.374135078396706e-02	-5.862561e+00
5.379994453396706e-02	-5.863405e+00
5.385853828396706e-02	-5.864205e+00
5.391713203396706e-02	-5.864963e+00
5.397572578396707e-02	-5.865678e+00
5.403431953396707e-02	-5.866351e+00
5.409291328396707e-02	-5.866982e+00
5.415150703396707e-02	-5.867572e+00
5.421010078396708e-02	-5.868122e+00
5.426869453396708e-02	-5.868630e+00
5.432728828396708e-02	-5.869099e+00
5.438588203396708e-02	-5.869527e+00
5.444447578396708e-02	-5.869916e+00
5.450306953396709e-02	-5.870265e+00
5.456166328396709e-02	-5.870575e+00
5.462025703396709e-02	-5.870846e+00
5.467885078396709e-02	-5.871078e+00
5.473744453396710e-02	-5.871270e+00
5.479603828396710e-02	-5.871424e+00
5.485463203396710e-02	-5.871540e+00
5.491322578396710e-02	-5.871616e+00
5.497181953396710e-02	-5.871654e+00
5.503041328396711e-02	-5.871653e+00
5.508900703396711e-02	-5.871614e+00
5.514760078396711e-02	-5.871536e+00
5.520619453396711e-02	-5.871419e+00
5.526478828396712e-02	-5.871264e+00
5.532338203396712e-02	-5.871069e+00
5.538197578396712e-02	-5.870836e+00
5.544056953396712e-02	-5.870564e+00
5.549916328396712e-02	-5.870253e+00
5.555775703396713e-02	-5.869902e+00
5.561635078396713e-02	-5.869512e+00
5.567494453396713e-02	-5.869081e+00
5.573353828396713e-02	-5.868611e+00
5.579213203396714e-02	-5.868101e+00
5.585072578396714e-02	-5.867550e+00
5.590931953396714e-02	-5.866959e+00
5.596791328396714e-02	-5.866326e+00
5.602650703396714e-02	-5.865651e+00
5.608510078396715e-02	-5.864934e+00
5.614369453396715e-02	-5.864175e+00
5.620228828396715e-02	-5.863373e+00
5.626088203396715e-02	-5.862527e+00
5.631947578396716e-02	-5.861638e+00
5.637806953396716e-02	-5.860703e+00
5.643666328396716e-02	-5.859723e+00
5.649525703396716e-02	-5.858696e+00
5.655385078396716e-02	-5.857623e+00
5.661244453396717e-02	-5.856502e+00
5.667103828396717e-02	-5.855331e+00
5.672963203396717e-02	-5.854110e+00
5.678822578396717e-02	-5.852839e+00
5.684681953396718e-02	-5.851514e+00
5.690541328396718e-02	-5.850136e+00
5.696400703396718e-02	-5.848703e+00
5.702260078396718e-02	-5.847212e+00
5.708119453396718e-02	-5.845663e+00
5.713978828396719e-02	-5.844053e+00
5.719838203396719e-02	-5.842381e+00
5.725697578396719e-02	-5.840642e+00
5.731556953396719e-02	-5.838836e+00
5.737416328396720e-02	-5.836959e+00
5.743275703396720e-02	-5.835008e+00
5.749135078396720e-02	-5.832979e+00
5.754994453396720e-02	-5.830869e+00
5.760853828396720e-02	-5.828672e+00
5.766713203396721e-02	-5.826385e+00
5.772572578396721e-02	-5.824001e+00
5.778431953396721e-02	-5.821514e+00
5.784291328396721e-02	-5.818917e+00
5.790150703396722e-02	-5.816201e+00
5.796010078396722e-02	-5.813358e+00
5.801869453396722e-02	-5.810376e+00
5.807728828396722e-02	-5.807243e+00
5.813588203396722e-02	-5.803944e+00
5.819447578396723e-02	-5.800462e+00
5.825306953396723e-02	-5.796776e+00
5.831166328396723e-02	-5.792862e+00
5.837025703396723e-02	-5.788690e+00
5.842885078396724e-02	-5.784223e+00
5.848744453396724e-02	-5.779416e+00
5.854603828396724e-02	-5.774209e+00
5.860463203396724e-02	-5.768528e+00
5.866322578396724e-02	-5.762274e+00
5.872181953396725e-02	-5.755311e+00
5.878041328396725e-02	-5.747446e+00
5.883900703396725e-02	-5.738398e+00
5.889760078396725e-02	-5.727725e+00
5.895619453396726e-02	-5.714683e+00
5.901478828396726e-02	-5.697879e+00
5.907338203396726e-02	-5.674252e+00
5.913197578396726e-02	-5.632640e+00
5.919056953396726e-02	-5.507791e+00
5.924916328396727e-02	-5.141399e+00
5.930775703396727e-02	-4.746816e+00
5.931508125271727e-02	-4.697374e+00
5.932972969021727e-02	-4.598417e+00
5.935902656521727e-02	-4.400212e+00
5.941762031521727e-02	-4.002701e+00
5.947621406521728e-02	-3.603833e+00
5.953480781521728e-02	-3.203745e+00
5.959340156521728e-02	-2.802571e+00
5.965199531521728e-02	-2.400447e+00
5.971058906521728e-02	-1.997510e+00
5.976918281521729e-02	-1.593896e+00
5.982777656521729e-02	-1.189742e+00
5.988637031521729e-02	-7.851852e-01
5.994496406521729e-02	-3.803621e-01
6.000000000000000e-02	-1.616534e-14
